15734 32738 6
470 22799 8
38898 22005 17
18141 20779 8
9324 9218 8
30609 1378 17
26533 30763 12
38120 29481 12
34570 28719 8
13500 30268 8
28951 11269 8
20126 14551 12
34964 7043 17
40315 7131 12
39056 29097 17
22711 31789 12
6480 9196 8
13070 31065 17
23612 5411 17
27485 15020 8
21292 7327 17
2054 18161 12
26126 26370 8
28345 25863 17
36732 12148 15
24951 19955 17
11654 19886 17
19886 15310 8
4091 9038 0
7395 18483 12
29654 37513 8
14417 7005 0
40055 10274 5
25412 35997 8
39283 36915 17
10674 12561 12
470 24450 12
12148 33514 0
4730 12047 8
29837 23883 16
7999 19975 12
470 13908 17
22727 481 17
14417 2369 12
8207 6744 8
7349 14417 15
17750 36206 8
33112 35194 17
25026 40427 12
26480 1423 12
6412 2007 12
1531 32215 8
7879 12362 12
22005 38898 12
17805 7999 17
36206 17750 8
13908 470 12
29174 163 12
31706 17125 12
10313 21569 6
24959 21706 17
38484 38219 12
24517 29296 16
21610 6016 8
32220 23559 17
18419 2369 8
37079 10426 17
39667 13992 17
19975 7999 17
21569 18787 1
16864 30769 12
1573 2071 17
21864 2738 17
5411 23612 12
560 2886 17
34972 24831 8
30882 26977 8
9196 6480 8
3559 33601 17
21210 13529 8
19546 8746 12
39667 29317 16
39248 14531 17
2078 30318 12
4273 25208 13
30418 24329 12
36703 40906 8
149 3530 17
6412 12824 12
24403 32079 16
14417 2130 0
37079 22374 8
6802 28779 8
7259 7048 17
16864 40388 12
14511 40618 17
28644 26263 9
40588 4385 12
3851 25405 12
14545 23864 17
19053 13760 8
34972 17976 8
14111 24460 8
9792 24403 17
31065 29524 17
40388 16864 17
25793 32509 8
25499 28447 12
14417 7349 0
30318 2078 17
10400 38275 17
14834 162 12
40906 36703 8
9630 1163 6
163 29174 17
39988 30780 12
39414 1347 8
13946 22278 12
2214 38973 12
13508 13559 5
32087 22470 12
33061 26351 8
2886 560 12
34631 37688 8
14417 33852 0
4850 23542 1
6521 36409 8
39951 12875 11
8260 9640 8
25586 13908 17
31789 22711 17
24329 30418 17
34545 14599 8
8231 33398 12
33472 21294 8
37232 172 17
33641 4237 8
7689 21908 6
16252 34777 6
2085 21610 8
35918 2214 17
10674 36392 12
19737 4822 13
21885 38611 12
1711 8468 8
28166 9601 15
14257 12932 8
25026 39334 12
24079 2909 8
38484 18869 12
2130 14417 15
27354 23401 17
9679 13140 8
22005 11880 12
30415 15524 6
15341 27301 1
31706 36999 8
3304 10856 12
7365 31065 17
33153 14047 17
33398 16891 12
34991 14366 17
7155 18431 12
7020 7595 12
18873 29411 12
11082 4273 13
34388 38258 8
924 10931 8
11988 11026 8
33335 29097 17
22197 17513 8
1513 17598 17
11210 18499 15
14432 18499 15
32119 11007 8
905 7458 12
14417 13517 12
12425 29097 17
14449 3530 17
23401 27354 12
24466 4701 12
37688 6450 8
17470 14376 0
22570 13285 8
29524 40891 12
5191 38484 17
8661 22206 17
172 37232 12
19151 24403 12
556 34777 6
28726 30750 8
14417 16762 0
27625 9861 12
20518 5506 17
2705 36972 17
172 35640 12
15337 11190 17
35017 12908 17
34279 7980 8
33852 14417 15
19620 25793 8
33229 30465 8
36931 29138 8
39245 10268 17
8207 25026 17
12071 2886 17
11842 7707 12
34777 27672 0
30465 33229 8
7529 35615 12
18348 36616 0
10730 38127 17
16724 33302 8
30441 1567 7
30268 13500 8
18792 10000 12
19628 33108 12
20126 15568 17
24177 7191 12
9612 37349 12
211 33395 17
34177 21234 8
23327 26366 17
9868 37064 15
25062 3880 8
22841 12031 12
12148 36732 0
21294 33472 8
33900 6968 8
10274 40055 16
35194 33112 12
2909 24079 8
7520 35837 17
7504 29837 12
39914 15090 15
3530 14449 12
29097 12425 12
24701 12035 12
27479 23445 8
13802 7417 8
7707 11842 17
27965 24701 8
13529 25026 17
4237 33641 8
28590 33129 17
21569 32908 1
17036 27144 12
11549 26123 12
19350 7761 12
32079 31789 5
28150 24701 17
2007 6412 17
1347 39414 8
11869 3530 17
40609 36626 12
9861 27625 17
12148 39401 0
15568 20126 12
3530 16962 12
20930 17356 8
36856 5085 12
19000 4913 8
18499 14432 0
33108 19628 17
37349 9612 17
6632 12458 12
17356 20930 8
4015 19377 6
30763 18954 8
7048 17882 12
37688 34631 8
13992 39667 12
20779 18141 8
2962 22563 17
22317 32618 12
24403 19151 17
38127 10730 12
27069 3286 0
26472 33612 17
11007 32119 8
23883 29837 5
32215 1531 8
40496 27069 17
12875 39951 11
24364 21908 12
10764 11410 8
40004 7521 8
24701 3811 12
3843 172 17
6023 2183 12
20401 5833 8
23804 35148 8
34777 16252 1
1547 25416 12
20558 28089 12
15953 25011 8
33600 172 17
5833 20401 8
27530 30418 17
12959 36206 8
2367 13802 8
6744 8207 8
5277 14599 8
35837 7520 12
35784 22229 17
30763 26533 17
10429 18348 15
11880 22005 17
14599 34545 8
30418 27530 12
336 21706 12
24701 28150 12
22026 9267 8
29654 3223 8
14763 14379 17
40427 25026 17
12550 39248 5
7187 5008 12
7048 7259 12
10134 29730 8
24588 20364 0
27005 21699 12
1378 34872 12
11480 14423 12
26927 105 8
31049 1851 12
7005 14417 15
37064 9868 0
8746 19546 17
10285 39126 12
37154 16913 8
26990 15464 15
40085 13992 17
35148 23804 8
24424 14599 8
36206 12959 8
13559 13508 16
10429 21998 17
7999 17805 12
29097 33335 12
11212 13393 12
19293 34572 13
35524 18530 12
12362 7879 17
31723 29174 17
2214 35918 12
14047 20306 12
14551 20126 17
3350 18941 1
26351 33061 8
39066 15277 15
16984 39504 17
23942 6353 8
19003 18348 15
6016 21610 8
24662 15761 6
30769 16864 17
34872 1378 17
22470 32087 17
13353 32203 12
10426 37079 12
2723 15096 8
3223 29654 8
25011 15953 8
3286 27069 15
2481 12148 15
32618 22317 17
7043 34964 12
18743 7752 12
24098 30448 8
11796 325 8
39334 25026 17
34777 556 1
40891 29524 17
12981 20126 17
33302 16724 8
25008 12447 17
36972 2705 12
14366 34991 12
18530 35524 17
4989 21569 8
33133 11226 17
8101 6554 8
17882 7048 17
20364 24588 15
10856 37456 12
16818 8329 8
28779 6802 8
30418 15439 12
12148 2481 0
32079 24403 5
9061 23882 15
36999 20302 8
29296 24517 5
8237 5447 17
40618 14511 12
33624 10057 8
481 22727 12
18954 30763 8
9601 28166 0
25026 13529 12
25863 28345 12
19655 25863 17
26413 6545 12
14948 26776 17
18007 36053 17
172 27396 12
15020 27485 8
29174 31723 12
22524 22495 12
6744 8800 8
32509 25793 8
172 16053 12
11842 10314 12
20093 8973 7
8373 39537 6
38120 40100 12
21998 10429 12
34261 19636 17
39386 3960 12
13992 40055 12
13802 2367 8
40055 13992 17
28089 20558 17
2183 6023 17
7327 21292 12
24403 9792 12
23087 2797 17
9396 39105 8
31813 20904 8
24831 34972 8
29428 4913 12
17513 22197 8
36616 18348 15
6450 37688 8
2071 23648 12
14379 14763 12
32244 1169 12
2848 10852 8
38484 5191 12
4701 24466 17
33612 16639 12
21706 24959 12
4913 29428 17
25026 8207 12
20283 20114 1
38973 2214 17
325 11796 8
1851 31049 17
14376 17470 15
20306 14047 17
24701 27965 8
17598 1513 12
2071 1573 12
3550 38120 17
28553 33995 12
11026 11988 8
30884 15464 15
31941 35491 8
7980 34279 8
33995 28553 17
26851 9503 12
20904 31813 8
998 10313 17
9038 4091 15
13140 9679 8
21699 25151 15
29317 40055 5
14376 33315 12
3960 39386 17
23690 9218 8
29893 13652 17
1567 30441 7
20302 3530 17
25405 3851 17
21908 7689 1
1378 34415 12
21706 336 17
11226 33133 12
2797 23087 12
4393 75 8
7879 14637 8
5008 7187 17
13285 22570 8
38275 10400 12
162 14834 17
21569 10313 1
9218 23690 8
1636 33612 17
10000 18792 17
29730 10134 8
13908 25586 12
172 36521 12
27871 21908 17
25182 12098 17
21908 24364 17
22524 7048 17
33644 27597 12
32908 21569 6
21706 11955 12
33197 24502 15
19886 11654 12
10931 9940 12
1169 32244 17
18941 3350 6
19912 26263 17
36053 618 12
10314 11842 17
39248 12550 16
15761 24662 1
25793 19620 8
12561 1238 8
25588 10432 8
9980 18624 6
36999 31706 8
15439 30418 17
6744 39456 12
26370 26126 8
40326 3841 8
27081 5342 12
8693 12425 8
26366 23327 12
18161 2054 17
7417 13802 8
26123 11549 17
16053 172 17
29346 26480 17
35191 8873 8
20779 17731 8
9503 26851 17
10313 998 12
39633 6600 8
39504 16984 12
1378 30609 12
2886 12071 12
9378 37592 17
31789 32079 16
38120 3550 12
19246 172 17
26480 29346 12
25793 13324 17
20302 36999 8
30780 39988 17
39930 172 17
25349 35043 8
12425 8693 8
40186 10509 5
7249 18348 15
18787 21569 6
20114 20283 6
2839 32265 8
16913 37154 8
39633 38258 8
6695 10764 12
39907 8651 17
35997 25412 8
2840 24951 8
8873 35191 8
1378 10770 12
3806 2369 15
13393 11212 17
7752 18743 17
7595 7020 17
16994 9029 17
21140 3499 8
12824 6412 17
30418 15941 12
22799 470 8
24951 2840 8
5775 29052 17
17750 31294 8
17771 27081 17
172 3843 12
37513 29654 8
4385 40588 17
17976 34972 8
5447 8237 12
39456 6744 17
6353 23942 8
33601 3559 12
37456 10856 17
8651 17772 12
10764 6695 17
38611 21885 17
18879 3393 8
39248 8583 5
14047 33153 12
3530 11869 12
6023 32699 12
27301 15341 6
33603 13961 0
12098 25182 12
20126 12981 12
7458 905 17
25208 4273 13
5342 27081 17
13961 33603 15
8973 20093 7
21234 34177 8
32203 13353 17
34572 19293 13
18348 10429 0
8651 39907 12
36053 18007 12
6554 8101 8
29837 7504 17
17731 20779 8
6284 29731 8
2738 21864 12
11244 32900 14
32265 2839 8
28719 34570 8
15464 30884 0
13324 25793 12
33514 12148 15
13529 21210 8
24502 33197 0
19955 24951 12
19102 31789 17
22005 26481 12
27081 17771 12
14531 39248 12
12561 10674 17
10838 13140 8
31294 17750 8
11269 28951 8
29097 39056 12
26977 30882 8
39105 9396 8
32738 15734 1
35615 7529 17
39062 19329 8
10432 25588 8
10770 1378 17
4273 11082 13
33129 28590 12
3841 40326 8
18624 9980 1
14854 13517 8
14637 7879 8
3550 18659 8
1425 980 12
5085 36856 17
28447 25499 17
15310 19886 8
16891 33398 17
10509 40186 16
25429 28639 8
17125 31706 17
33395 211 12
26481 22005 17
25416 1547 17
9029 16994 12
21706 21998 8
27672 34777 15
24450 470 17
40412 40259 17
15096 2723 8
3880 25062 8
172 33600 12
19377 4015 1
21908 27871 12
9640 8260 8
26263 19912 12
40259 40412 12
9267 22026 8
27144 17036 17
2369 18419 8
14353 10268 17
14599 24424 8
12047 30153 8
23864 14545 12
23445 27479 8
18869 38484 17
21699 27005 17
12035 24701 17
31789 19102 12
19647 23513 8
32900 11244 2
27597 33644 17
15090 39914 0
18483 7395 17
13652 29893 12
25863 19655 12
13908 15795 12
7521 40004 8
39126 10285 17
13992 40085 12
7005 6598 12
33612 1636 12
18499 11210 0
6412 33834 12
980 1425 17
21569 4989 8
618 36053 17
21706 15501 12
172 19246 12
16962 3530 17
15277 39066 0
32699 6023 17
34415 1378 17
2369 3806 0
3304 3530 17
9940 10931 17
3393 18879 8
16762 14417 15
10852 2848 8
36915 39283 12
15795 13908 17
12908 35017 12
15501 21706 17
27418 36129 17
39916 14417 15
6598 7005 17
23542 4850 6
14325 22005 17
18348 7249 0
35640 172 17
33834 6412 17
40055 29317 16
13140 10838 8
31065 7365 12
30448 24098 8
38258 34388 8
3499 21140 8
10268 14353 12
30369 14417 15
22563 2962 12
14599 5277 8
10856 3304 17
12031 22841 17
8583 39248 16
40100 38120 17
23882 9061 0
21454 20709 8
38684 15734 12
36409 6521 8
10057 33624 8
38258 39633 8
36521 172 17
18659 3550 8
12047 4730 8
