11947 20915 13
21387 28775 17
19952 32094 12
38266 27808 6
33612 20254 12
27509 18872 17
21113 156 17
37309 26146 8
9556 8790 9
17099 1378 17
22005 33837 12
24413 11776 17
35029 27044 8
33715 33481 8
11244 7517 14
33733 34639 12
29241 16044 12
4223 40328 17
35613 18 12
7418 37140 12
35444 3851 17
23099 21176 17
234 28022 12
30545 4952 8
11244 5279 14
22095 20528 12
36129 28901 12
10349 10438 12
33143 9370 17
13511 18051 15
13422 39386 17
36427 8134 17
16044 26014 12
33950 3711 8
156 21113 12
12816 36216 12
31743 26480 8
17256 30700 15
36267 28587 12
36324 11244 2
30265 34853 8
19390 7787 12
27684 38266 6
4608 38705 12
19189 10454 8
2797 28754 12
24815 8790 17
17661 11573 4
36427 1471 17
17471 7344 8
5034 36874 17
2333 35484 17
15117 39967 17
418 11972 17
39638 12322 12
38391 21708 17
19155 29447 12
4917 8227 12
29087 11465 12
10254 12885 17
19198 3821 12
11256 5392 12
15501 29909 12
20220 3498 12
12728 33998 1
32153 39422 8
39146 7267 17
13416 39526 8
32552 31483 17
35462 38820 17
37628 32525 17
36267 37417 12
11663 25236 17
23911 28210 8
33774 37798 14
23263 16042 17
19455 17661 3
30756 34756 1
8922 37607 12
19775 3923 8
1401 29433 12
3498 20220 17
26577 6521 8
674 21972 17
22480 31010 17
28779 31208 12
13676 5890 17
743 16431 8
18078 7858 12
28849 36411 12
17434 156 17
3474 18051 15
15068 29174 8
22518 22349 17
14719 20132 17
6889 23150 0
35155 11660 17
39432 562 17
5467 32061 8
14104 38512 12
9775 33025 2
20094 10922 7
39386 18998 10
25026 23788 12
21972 29672 12
20845 24601 8
32903 23788 6
22420 16875 12
30405 26192 8
13907 3143 12
15001 35853 12
16595 22091 12
21688 32353 8
11253 31444 12
6632 38088 12
1603 40674 17
16225 24588 15
15986 38890 8
31707 32899 17
40933 31813 8
15526 40144 12
14035 22005 17
30744 39674 12
25772 17519 17
14634 6163 17
3043 29097 17
16141 15363 12
4189 1567 17
27625 23487 12
15649 2358 8
2495 33644 17
27905 24413 17
26589 25130 12
1471 36427 12
26047 24394 12
3425 30732 12
33949 38159 8
12475 17710 17
19350 3711 15
5993 35888 8
32066 22005 17
206 22005 17
26294 2169 8
31900 4451 8
7750 29003 12
29362 40698 17
29313 18959 12
13249 24788 17
7750 18297 12
26347 40744 17
13611 33481 8
37607 8922 17
17661 33895 4
4128 5760 8
25236 4028 8
36939 39809 8
19191 32384 17
15088 20915 8
15552 15938 8
34639 33733 17
6631 14406 8
10483 27625 17
6112 33594 17
12784 2356 17
7999 25240 12
27782 18872 17
22904 5783 17
29097 17656 13
25864 35142 15
40376 33641 17
1218 4674 8
15172 14281 1
18348 15200 0
12172 18785 12
16044 33168 12
7750 29595 12
30368 26819 8
16378 16221 15
18348 18715 12
16314 35723 17
33392 19852 12
30487 23330 13
32015 20545 12
12231 111 17
28901 36129 17
37800 6879 17
28079 6909 12
26591 35659 7
5626 9497 12
7100 28699 17
34477 11702 15
28022 234 17
33612 13553 12
30818 28836 9
6787 20607 8
14438 1785 17
26480 34335 12
13842 23581 8
20105 1401 17
22005 37256 12
4128 22988 17
5762 34939 17
17661 28699 4
24788 20007 12
23150 6889 15
26968 13259 12
21756 36289 17
40603 22005 17
20528 22095 17
11702 38555 0
4934 10065 17
10733 19934 12
10144 7517 12
18204 30569 12
417 29162 17
11853 12816 17
28119 33579 12
9301 27073 12
40778 8682 17
18863 33142 17
8227 4917 17
29187 63 17
17661 39033 14
24788 4239 12
12816 31545 12
32029 40681 17
40674 26819 12
25617 40899 17
17661 6523 4
33467 31798 15
16993 29705 17
6123 30196 17
28611 6123 0
3982 31705 8
35268 34623 1
16221 38459 12
18705 39386 8
16354 40849 17
39673 40155 1
39386 29771 10
27484 2498 15
35302 5762 17
21249 19890 17
15593 36577 12
26480 3837 12
18886 25463 8
28974 22005 17
9381 9751 6
2265 18787 8
688 7087 17
1061 36925 17
40680 11855 17
13517 14140 0
21836 40879 12
17701 33450 17
6131 9772 17
6879 37800 12
32042 19016 12
35567 5783 17
34490 40164 6
34706 32762 8
11522 17661 3
11421 29162 17
8055 21319 17
6575 18051 15
21393 27997 17
3098 25399 12
17661 35055 4
17661 8155 4
31816 20079 8
1401 29927 12
32029 27622 12
4335 37752 17
22005 24491 12
16603 27905 8
30349 24892 17
34624 29364 17
26987 40861 6
35412 30712 8
6460 37601 12
19603 32273 8
34836 2838 12
19016 32042 17
28313 7966 8
14406 26510 12
27460 28281 17
20043 9388 0
22805 9888 17
18204 13386 12
25606 31798 5
9916 33781 13
23530 33408 8
37556 23487 8
36383 3615 12
28119 13509 12
37789 29535 8
7087 688 12
14192 32415 8
32141 1041 17
38422 15915 12
35853 15001 17
28151 3711 15
38036 33898 12
34067 20838 8
6513 38036 17
18520 14804 10
33601 12885 17
18182 25860 17
32515 31423 8
11997 3899 12
20256 22005 17
17736 34313 8
23429 17273 17
27309 16404 12
14406 15637 12
25336 17685 12
26819 30368 8
608 18772 12
8670 23080 17
11649 29097 17
36844 10009 17
16992 36842 9
11244 39015 14
28647 10884 17
33685 2379 17
38795 30358 8
25384 22872 0
5392 11256 17
20384 14406 17
25336 35490 12
32762 34706 8
33337 6413 17
25744 33641 8
29876 39218 12
1378 23024 12
15785 28186 1
9370 33143 12
31947 29605 8
33244 2504 9
3833 24606 17
31198 1425 17
40433 36120 17
31423 32515 8
4881 25378 12
35781 7826 12
22800 12433 17
17697 13314 12
40744 26819 17
33470 24588 15
36427 10563 8
24394 26047 17
31559 16701 17
32935 14033 15
17661 7418 4
23298 27979 17
31421 24494 17
37256 22005 17
4344 6115 12
28096 27270 17
14240 24213 17
22569 5200 12
24601 20845 8
11123 31465 8
6161 26538 8
24495 5469 17
12069 12731 12
32072 206 17
11244 2594 14
27331 37881 17
28754 2797 17
7218 10922 17
9497 5626 17
23137 32567 12
23024 1378 17
34436 39534 17
7779 9554 12
2685 9973 8
29705 29097 17
10741 11993 7
36248 23613 17
20607 6787 8
17685 25336 17
29605 31947 8
40259 10737 8
36874 5034 12
22827 36512 17
2650 17005 17
30019 6632 17
23469 1275 17
19564 23080 17
11676 30213 8
32240 24127 12
29649 20456 8
36834 17661 2
4328 40674 17
17661 7178 4
27167 13982 8
18348 34943 0
13640 1567 8
21201 4028 12
34823 31063 12
34124 27151 12
25019 15440 12
30636 15593 17
11599 37411 17
32567 23137 17
15868 24351 17
7999 12364 12
38469 22005 17
4573 24588 15
13581 11689 1
24590 5890 8
37830 6657 12
33953 17005 17
12816 11853 12
11244 36324 14
20186 16772 8
2667 32771 17
4189 38141 8
33082 1425 17
26995 37939 8
28953 19380 8
33873 37139 0
17926 14406 17
9772 6131 12
36233 28901 8
29862 11224 12
38555 11702 15
21083 789 1
22005 33179 12
22329 22420 17
13505 24435 1
111 12231 12
36480 34263 8
32748 37457 12
156 17434 12
20874 9805 12
14351 11244 2
11369 23853 17
33895 17661 3
10309 32985 12
11244 29538 14
4028 30405 12
15637 14406 17
7461 22787 17
2266 9769 17
18998 39386 9
29253 29496 17
29538 11244 2
3821 19198 17
35142 25864 0
35029 7653 8
14591 28505 1
26851 15426 12
5938 35528 17
33898 15304 17
36484 35448 17
18774 17661 3
9649 14406 17
32243 37355 8
10902 27259 6
29447 19155 17
16993 27448 8
2498 27484 0
34110 27149 17
608 29539 12
18895 15872 12
9772 2044 12
17275 31739 12
12543 14591 6
35977 21679 17
28011 27808 12
13553 33612 17
38484 12413 12
40006 6713 17
14891 11776 17
18792 23801 0
21679 35977 12
9698 539 12
26538 6161 8
30700 40164 17
34623 35268 6
15670 1815 12
28836 29254 12
13389 18792 15
33928 17058 17
21836 28338 12
10161 31010 17
6525 3425 17
16235 36431 8
3711 29934 0
38008 14406 17
18792 9687 8
38658 29915 12
7154 38283 12
17661 813 4
40520 21740 8
21824 33034 12
11244 38600 14
33644 2495 12
7540 14054 8
26047 21972 17
172 31760 12
1275 23469 12
25923 35935 8
11221 26132 1
22872 25384 15
27131 14034 8
36874 23867 12
37358 3339 17
19198 1198 17
17864 32659 12
12662 17661 3
3834 26917 17
10100 33467 8
26590 13859 12
38142 18517 12
24396 37128 8
18896 35318 17
10786 40588 12
36451 1023 10
36672 26967 17
1401 8763 12
1378 17099 12
18517 38142 17
17626 11776 17
23613 36248 12
9008 17056 17
15593 30636 12
27849 26844 12
20715 26880 8
33641 25744 8
14104 1127 17
15123 11856 17
20215 7605 17
8682 27540 17
27721 14343 17
34939 15214 12
1974 33414 12
20810 34916 12
25683 6532 17
33586 40164 12
24435 13505 6
9888 22805 12
20254 33612 17
2726 29015 17
19175 5594 8
1401 32729 6
21972 26047 12
11689 13581 6
191 32653 17
35681 37158 0
20206 8093 12
28199 27238 8
7334 32497 8
2111 29031 15
16055 6796 8
16828 3794 17
22589 5788 12
9301 25706 0
4418 2500 12
29179 32680 12
27622 32029 17
27710 20717 8
20986 2372 8
12600 4573 17
16701 31559 12
156 31497 12
21405 9769 17
34853 30265 8
36706 27160 8
40674 35613 12
31706 4593 12
25031 28611 15
31208 28779 17
39448 10890 12
5469 7267 12
15363 16141 17
8790 24815 12
21111 40609 8
24588 16225 0
21905 16701 17
35923 37109 17
17661 11704 4
4239 24788 17
18051 13511 0
8193 31452 17
3794 16828 12
21836 34068 12
21836 38705 8
40596 35151 12
18959 29313 17
26195 8397 12
18498 34546 17
23758 31706 17
28189 22784 12
21688 11352 8
36383 15513 17
2913 30004 8
17519 25772 12
19189 23174 8
28047 25727 17
39015 11244 2
10903 32171 8
19168 23152 12
36498 34871 17
33142 18863 12
10438 10349 17
30744 2016 12
12663 4271 8
14422 34650 17
39643 35475 17
4579 7898 12
1567 4189 12
2870 17219 0
3656 26061 17
29858 4568 12
12731 12069 17
562 39432 12
8617 31064 12
33168 16044 17
34283 18171 12
26967 36672 12
32278 29313 8
12885 33601 12
35442 11896 17
31010 1599 12
13225 40681 17
27151 34124 17
8682 40778 12
22738 3687 8
37158 35681 15
39218 29876 17
9698 16848 17
33576 35746 12
12985 33321 8
14786 3632 17
20456 29649 8
22005 29111 12
19032 36267 17
288 740 17
25381 37276 12
5890 24590 8
9280 5681 17
26480 31743 8
24494 31421 12
14406 30744 8
23367 28621 12
3711 16092 0
10266 28423 4
39055 1198 0
2035 16160 12
2868 18051 15
4860 15277 12
16101 9301 15
3732 11244 2
40069 10142 0
24440 32730 8
10737 40259 8
29705 16993 12
349 4218 8
25387 40479 6
13387 36925 17
33286 32252 0
5762 35302 12
30266 29382 15
6715 26227 8
36320 30888 17
515 13768 1
33644 39578 12
20653 1273 12
25860 13569 0
22518 3711 15
17005 33953 12
33998 12728 6
5511 19112 17
29290 21972 17
234 7931 12
12413 38484 17
39032 8881 17
2458 25484 6
3837 26480 17
22005 21415 12
12346 10145 8
15698 9130 12
37664 805 0
1974 26089 12
5584 5394 12
1440 4227 17
22349 22518 12
25227 1378 17
25152 11123 8
21836 11623 12
36267 34354 12
7344 17471 8
2797 10378 12
40681 13225 12
21013 34995 17
37178 40380 12
28125 8432 8
40103 8574 8
17306 3711 15
31483 21695 12
17661 18927 14
7562 34641 12
29382 30266 0
4411 12816 8
40479 25387 1
40861 26987 1
19753 30888 9
37931 40662 12
26679 25664 0
30405 4028 17
40439 816 12
7267 5469 17
38134 18257 12
23867 36874 17
3899 11997 17
31403 9267 8
2500 4418 17
34630 20002 8
500 31241 12
31010 10161 12
15729 1120 13
3527 33873 15
36383 25733 12
30744 14406 8
5681 9280 12
14834 40815 12
36267 38233 12
34801 6945 8
33586 19294 12
31606 9488 8
26014 16044 17
16848 34891 12
24213 14240 12
12782 3325 17
16277 22467 8
24996 25378 1
17990 336 1
33450 12048 12
33321 12985 8
14610 8231 12
12807 6333 13
34068 21836 17
12648 9189 12
32953 2924 12
11871 21972 17
14668 2797 17
25130 26589 17
11660 35155 12
28425 32429 0
33434 17661 3
18171 34283 17
25029 20452 12
31444 11253 17
9391 21056 9
7482 23954 8
7750 9248 12
24788 13249 12
14890 7341 12
6523 17661 3
32680 50 1
14054 17521 17
6413 33337 12
25379 4278 12
31705 3982 8
33481 13611 8
10922 7218 12
4748 33774 2
12746 20653 8
31483 32552 12
19112 5511 12
3339 37358 12
31497 156 17
14406 17926 12
40361 23080 17
1198 34061 12
34124 16055 8
11018 3711 15
6535 20220 8
32321 38484 17
4952 30545 8
29174 16055 8
33450 17701 12
24854 14834 17
15214 34939 17
6909 28079 17
36216 12816 17
31010 15509 8
29162 11421 12
2368 38036 17
1974 37057 12
16524 37477 8
40371 28219 8
20354 39674 8
14406 6631 8
7931 234 17
30888 7981 12
20569 33123 12
9981 6402 17
1559 1497 8
36869 21691 6
28186 15785 6
3982 19018 12
21972 11871 12
40380 37178 17
11352 21688 8
26718 9769 17
21913 4418 17
27047 37830 17
25075 14838 12
26622 33612 17
1425 24934 8
28621 23367 17
37128 24396 8
14011 33096 8
505 21286 17
24273 29985 17
33255 2797 17
29001 32544 8
11249 23384 8
40046 11244 2
35613 15277 15
21886 23415 8
22005 35189 12
24892 30349 12
3403 26047 17
4218 349 8
20313 20184 8
13986 21972 17
9406 28025 12
2982 8198 8
18772 608 17
15509 22173 12
13508 39448 17
18257 38134 17
5248 3519 17
25544 27914 12
32899 31707 12
32061 5467 8
34335 26480 17
40221 38136 10
36904 18792 12
31739 17275 17
15172 26005 17
35380 26294 8
34218 21972 17
7447 39191 17
36939 38763 12
8818 11875 17
32029 14880 8
1689 23367 1
13717 21370 12
28775 8572 12
34110 23853 8
6402 9981 12
3143 13907 17
34932 23758 17
22005 38469 12
8881 39032 12
10890 39448 17
32322 36952 8
20915 15088 8
38233 36267 17
37881 27331 12
24854 10570 13
2947 5917 8
36842 16992 10
15625 356 17
13487 32697 17
15885 33025 2
32953 32234 8
32730 24440 8
24396 35471 10
32452 11732 6
23788 32903 1
29111 22005 17
37669 28273 12
32040 25572 12
37477 16524 8
17273 23429 12
35490 25336 17
11539 24559 17
11221 7564 12
509 24606 17
7531 8308 10
40915 12345 8
26985 11366 8
1813 3417 8
24588 4573 0
19084 40040 15
39505 22005 17
15556 33286 12
20272 25933 8
10326 27676 8
30583 15658 12
30003 282 15
38888 11244 2
14235 32628 8
2756 16010 17
20399 23998 17
29872 3631 12
18785 12172 17
12345 40915 8
38278 12144 17
37355 32243 8
8572 28775 17
3711 6465 0
5084 29705 17
2872 17661 3
14326 24096 17
18787 2265 8
35935 25923 8
6115 4344 17
25706 9301 15
11732 34650 17
8112 7301 17
30788 24459 8
20002 34630 8
30569 18204 17
22005 206 12
3425 6525 12
35613 40674 17
40164 33586 17
39534 34436 12
28281 27460 12
22050 12172 17
26005 15172 12
19380 28953 8
2379 33685 12
40674 4328 12
2797 16888 12
19155 29632 12
33594 6112 12
29433 1401 17
37479 39396 8
33481 33715 8
34165 17934 1
8397 26195 17
32353 21688 8
11244 38888 14
3327 27160 8
32252 33286 15
35923 37012 12
34313 19952 17
30213 31049 1
4927 17661 3
29632 19155 17
26193 20206 17
40597 15748 8
7803 32748 17
35130 11244 2
6532 36292 8
21278 33595 3
20732 14510 12
8907 23340 9
24606 509 12
12465 2112 17
40815 14834 17
10145 12346 8
23025 38869 8
39674 30744 17
18797 31399 8
17685 30462 12
15670 8730 12
11856 15123 12
6713 40006 12
11776 24413 12
11732 35709 1
23655 17556 17
2396 23801 9
13402 19636 17
24491 22005 17
19890 21249 12
12748 25379 17
18335 23638 12
1401 36813 10
38159 33949 8
33648 7049 17
5788 22589 17
38036 6513 12
1041 32141 12
23384 11249 8
28794 33025 2
20456 32730 8
33158 35862 1
7750 39063 12
1378 25227 12
11875 24355 12
21800 27181 12
17005 27865 12
24362 26480 17
18051 2868 0
37614 25463 12
36856 29862 12
31904 12345 8
6532 25683 12
11244 25211 14
17661 25585 4
9040 3239 15
2797 7443 12
19297 32133 8
9189 12648 17
13611 234 8
29934 3711 15
23638 18335 17
7207 5256 8
39895 1721 12
11875 8818 12
34939 25023 12
18204 26817 8
29327 33466 12
32729 1401 1
33499 32680 12
28611 21143 0
6163 14634 12
33873 7250 0
816 40439 17
206 34804 12
7087 9847 12
23269 35285 17
24851 19923 0
36813 1401 9
27979 23298 12
17661 13672 4
7605 20215 12
29672 21972 17
24606 3833 12
7653 35029 8
26851 27765 12
25934 34590 8
38973 24815 8
16160 2035 17
9325 33644 17
19233 17906 12
22223 37614 17
2818 19442 8
34995 21013 12
26227 6715 8
6945 34801 8
5691 8691 12
37752 4335 12
33365 33873 15
19852 33392 17
33408 23530 8
36411 28849 17
32985 10309 17
4028 35935 12
6886 17661 3
17717 11930 12
28775 21387 12
38567 27259 17
13449 17661 3
13907 12956 12
5200 22569 17
2358 15649 8
7858 18078 17
38266 27684 1
7981 30888 17
14406 29923 12
23004 29382 17
6657 37830 17
20648 2885 17
3711 33950 8
13907 27184 12
11650 1378 17
11993 10741 7
8231 4860 12
8093 20206 17
14660 22730 12
6268 14406 17
8922 907 12
765 24124 17
13672 17661 3
11465 29087 17
30743 1039 8
9976 20158 12
1567 13640 8
21400 33427 14
22173 15509 17
19888 12209 8
38820 16314 8
37601 6460 17
20158 9976 17
12932 31316 8
23894 23429 17
11412 2265 12
21800 11584 8
8574 40103 8
9878 10674 17
23080 19564 12
36952 32322 8
11244 32042 14
16271 1408 8
9489 4091 15
26192 30405 8
6337 8339 8
36577 15593 17
23367 1689 6
37411 11599 12
15915 38422 17
13717 6026 12
15020 38160 8
21176 23099 12
38802 22005 17
28025 9406 17
14510 20732 17
608 39474 17
27865 17005 17
40040 19084 0
15426 26851 17
39063 7750 17
25151 13650 0
15376 18734 12
28273 37669 17
33096 14011 8
27748 27757 8
15872 18895 17
29174 15068 8
6521 10381 8
33546 3209 11
37140 7418 17
20132 14719 12
40899 25617 12
14281 15172 6
6402 31362 12
10281 11244 2
33427 21400 2
40164 34490 1
10586 17661 3
5676 20653 17
39448 13508 12
18927 17661 2
32015 11331 12
2016 30744 17
3851 35444 12
24934 18 1
11776 17626 12
38422 4947 12
29539 608 17
17685 7717 12
28112 26171 0
10432 6367 12
30520 29517 12
22005 31254 12
26917 3834 12
28611 12728 0
1408 16271 8
4947 38422 17
15388 36925 17
26061 3656 12
36289 21756 12
33218 26166 8
2801 3209 8
16254 408 1
21972 29290 12
27073 9301 17
17476 7750 17
1378 11650 12
9145 36952 8
29496 29253 12
23801 2396 10
38354 7005 17
35586 14316 8
11200 29049 17
35232 3276 17
40674 1603 12
32252 17503 11
4063 1401 17
18045 36303 17
32525 37628 12
35060 21836 17
11732 32452 1
37205 26203 12
18348 8920 0
29001 22465 17
7341 14890 17
1013 31433 1
22005 20667 12
3417 1813 8
39608 5691 17
22005 33508 12
2987 35899 12
21143 28611 15
33521 12604 8
14880 32029 8
39271 8560 8
17661 4286 14
7517 10144 17
20845 37430 8
21972 38705 12
31452 8193 12
19155 35857 12
25211 11244 2
9973 2685 8
37057 1974 17
1198 19198 12
17934 34165 6
29097 25620 13
21836 39376 12
11972 418 12
25379 29881 12
27159 7779 8
34650 14422 12
21846 1139 17
17458 22507 12
11244 35130 14
22784 28189 17
9422 3711 15
905 1388 12
22895 1093 8
3923 19775 8
38820 35462 12
10407 33644 17
6702 28829 13
36512 22827 12
29915 38658 17
14406 31738 12
17058 33928 12
11244 38346 14
31760 172 17
33873 2707 0
27259 10902 1
23758 34932 12
33296 11622 17
9044 1602 8
7443 2797 17
4451 31900 8
37012 35923 17
4028 21201 17
29976 22084 12
27540 8682 12
37798 33774 2
7187 14610 6
4418 31877 12
30888 19753 10
28754 10100 8
16772 20186 8
7087 234 12
23700 9762 6
25057 12349 17
24124 765 12
20184 20313 8
4322 19469 12
13688 26819 17
23954 7482 8
17174 3834 12
29049 11200 12
21457 16312 1
19728 25863 12
27914 25544 17
34378 23758 17
40249 11067 13
6619 9184 12
23677 26594 12
16050 25860 17
12956 13907 17
27706 1401 17
31798 33467 0
16221 16378 0
15399 12816 8
27149 17626 8
32680 7231 0
11224 29862 17
234 7087 17
10674 9559 12
26089 1974 17
16055 29174 8
14834 9523 12
36925 15388 12
27808 38266 1
32042 11244 2
11855 40680 12
8433 17518 8
11244 36993 14
39980 17990 6
9554 7779 17
38813 569 12
15938 15552 8
8339 6337 8
25424 16292 6
239 17864 17
38160 15020 8
34891 16848 17
18666 34890 17
33644 11315 12
23853 34110 8
35189 22005 17
36267 19032 12
17521 14054 12
21043 24239 12
13314 17697 17
35613 20409 12
40849 16354 12
40609 21111 8
16569 29364 17
789 21083 6
30449 11244 2
1497 1559 8
11366 26985 8
29705 22027 12
17661 39465 4
22730 14660 17
9769 2266 12
18051 22522 0
9388 20043 15
33330 40744 17
12364 7999 17
9301 16101 0
18520 39853 10
4568 29858 17
28195 1512 8
25098 12830 8
22507 17458 17
27905 16603 8
17661 4927 4
36011 20144 12
9559 10674 17
29162 417 12
17738 28112 15
33873 3527 0
22005 28974 12
8134 36427 12
18171 2536 6
6163 9380 12
27181 21800 17
29705 5084 12
8578 29730 17
23589 21932 8
28990 14610 17
37139 33873 15
22522 18051 15
11896 35442 12
656 23801 17
29881 25379 17
39578 33644 17
17661 36834 14
39328 9616 8
31454 13907 17
28505 14591 6
10972 5034 17
32184 8551 8
22005 3619 12
5394 5584 17
11244 30449 14
7267 39146 12
38088 6632 17
2982 2035 17
18365 22420 12
21691 36869 1
31142 10129 17
33774 4748 14
31064 8617 17
22084 29976 17
15509 28285 12
7828 11732 6
18117 38028 12
23080 8670 12
13024 6532 17
3711 17306 0
20569 10845 8
20895 19063 8
17990 39980 1
2304 21340 8
30444 33884 12
22522 35528 17
34650 35551 12
25236 11663 12
4557 21369 12
21972 674 12
30482 18239 17
29364 16569 12
6337 39104 8
26985 16103 12
4091 4668 0
18239 30482 12
3509 14834 17
16502 34756 9
17504 33873 15
17546 38801 17
31971 152 8
26844 27849 17
12074 22005 17
17521 34916 8
21788 3711 16
12433 22800 12
9184 6619 17
23758 34378 12
32953 30137 8
27676 10326 8
8481 14583 12
1826 26591 12
9130 15698 17
6746 17521 8
152 31971 8
3711 11018 0
26538 19815 12
15277 4860 17
13644 26431 12
26187 13261 12
11244 22271 14
21932 23589 8
336 17990 6
26141 22168 14
29883 1378 17
21739 4100 10
1618 28761 12
9523 14834 17
39609 18251 15
23429 940 12
26819 13688 12
16314 38820 8
32680 33499 17
8563 5676 17
2797 33111 12
3209 33546 11
22005 20256 12
8885 40164 17
39396 37479 8
26819 21813 8
17661 12662 4
21056 9391 10
21061 1378 17
20184 16067 17
34094 22518 5
663 20895 8
40677 19175 8
18715 18348 17
631 4374 7
1023 36451 9
16431 743 8
22005 39505 12
25029 38313 12
12339 25384 15
32990 36572 12
38705 21972 17
36832 30024 12
27765 26851 17
12209 19888 8
23801 656 12
40040 1588 0
19952 34313 12
20653 12746 8
24588 12143 0
39104 6337 8
22005 38802 12
3239 17217 0
33898 38036 17
6535 1869 8
34013 27950 1
14316 35586 8
4271 12663 8
29595 7750 17
28836 30818 10
2265 11412 17
30444 8031 17
2838 34836 17
3639 8101 8
5783 22904 12
18 35613 17
24413 27905 12
38313 25029 17
11244 3732 14
26510 14406 17
13569 25860 15
24944 4555 10
7517 11244 2
18051 3474 0
22883 3711 15
5034 10972 12
22787 7461 12
15200 18348 15
12587 30026 8
33837 22005 17
12816 24601 12
35862 33158 6
18734 15376 17
10009 36844 12
15436 4036 17
2797 33255 12
14610 28990 12
22420 22329 12
18204 37671 12
1378 29883 12
7834 14077 17
15891 35881 12
6632 30019 12
34548 31697 8
27150 19587 17
28274 15737 12
22005 12074 12
26039 14018 17
17661 16443 4
17056 9008 12
2210 36579 12
15509 31010 8
34890 18666 12
11622 33296 12
2797 14668 12
7750 17476 12
38890 15986 8
16044 27708 8
5691 39608 12
33025 15885 14
16103 26985 17
21490 27699 8
15737 28274 17
3711 22518 0
28706 31189 12
21972 13986 12
23235 10416 6
27044 35029 8
4227 1440 12
11860 20079 17
27397 20717 8
1425 31198 12
39386 18705 8
22005 13173 12
31738 14406 17
24656 34214 8
25023 34939 17
11331 32015 17
10426 9687 13
1602 9044 8
17661 2872 4
32273 19603 8
29705 20095 12
5198 17378 12
24933 31140 17
27757 27748 8
20838 21390 8
18792 36904 17
22168 26141 2
2044 9772 17
354 4374 12
8031 30444 12
33179 22005 17
1721 39895 17
31013 28112 15
34916 20810 17
9827 30583 17
32680 29179 17
15509 30863 12
16848 9698 12
7439 18498 17
26132 11221 6
30700 17256 0
26880 20715 8
12816 21322 12
29097 3043 12
16701 21905 12
3239 9040 0
27540 31010 12
21286 505 12
32452 39608 1
35290 14406 17
32384 11231 12
31798 25606 16
16044 29241 17
34756 16502 10
21272 13357 8
33594 8577 8
14804 18520 9
3711 28151 0
1401 14721 12
38763 36939 17
12265 22349 12
40681 32029 12
20653 27160 12
17661 36384 4
20946 34292 12
24325 27849 17
24741 29883 8
21415 22005 17
22420 18365 17
34618 39254 17
37939 26995 8
22005 8052 12
15014 2797 17
37457 32748 17
35551 34650 17
5760 4128 8
29976 9516 12
28456 9189 8
31049 30213 6
1599 31010 17
33837 4866 12
29927 1401 17
8432 28125 8
17661 24148 4
2669 38301 17
27211 13867 17
23173 36267 17
17906 19233 17
7750 37931 17
9847 7087 17
35285 23269 12
11623 21836 17
20409 35613 17
10381 6521 8
3615 36383 17
39254 34618 12
2504 33244 10
39386 13422 12
37931 7750 12
16010 2756 12
38801 17546 12
34943 18348 15
33508 22005 17
25933 38796 12
16292 25424 1
13387 19510 12
1139 21846 12
19553 34628 8
23174 19189 8
14591 12543 1
28285 15509 17
24351 15868 12
19438 23080 17
31010 35659 8
36572 32990 17
29097 11649 12
20667 22005 17
9380 6163 17
911 22996 12
5917 2947 8
11244 40046 14
14077 7834 12
38141 4189 8
38705 21836 8
6026 13717 17
5783 35567 12
1010 10021 8
4297 4048 17
31877 4418 17
30196 6123 12
35528 22522 12
19636 13402 12
5020 27551 12
5904 10784 10
36384 17661 3
219 34132 17
4923 38881 8
3632 14786 12
19442 2818 8
29923 14406 17
18348 18777 0
539 9698 17
2536 18171 1
4374 354 17
40023 37290 8
29909 15501 17
1378 21061 12
3631 29872 17
24559 11539 12
26480 16179 12
6667 11702 15
11732 26300 0
30732 3425 17
33111 2797 17
12517 23330 13
36011 10080 12
21249 37355 8
34650 11732 12
35935 4028 17
28112 31013 0
11244 25298 14
35723 16314 12
31545 12816 17
24127 32240 17
31877 40544 8
1401 20105 12
21390 20838 8
34590 25934 8
26480 24362 12
4555 24944 9
34871 36498 12
11231 32384 17
38535 23920 12
29382 23004 12
7787 19390 17
31706 23758 12
35752 1741 17
14660 6070 12
18491 18204 17
19510 13387 17
15304 33898 12
13357 21272 8
9488 31606 8
5152 36233 8
39033 17661 2
31114 13517 15
12143 24588 15
7826 35781 17
10129 31142 12
3711 22883 0
28901 36233 8
16888 2797 17
39608 32452 6
4866 33837 17
23429 23894 12
25572 32040 17
24459 30788 8
15440 25019 17
26594 23677 17
1785 14438 12
38600 11244 2
34263 36480 8
37430 20845 8
8730 15670 17
20653 5676 12
28273 18517 8
29031 2111 0
19019 4157 17
26463 13717 17
29097 29705 12
21075 14834 17
32544 29001 8
1425 33082 12
29254 28836 17
28611 25031 0
17661 13449 4
18051 6575 0
37290 40023 8
14343 27721 12
40328 4223 12
9805 20874 17
16848 38422 12
18498 7439 12
40155 39673 6
172 22438 13
32628 14235 8
20007 24788 17
24934 1425 8
27849 24325 12
26047 3403 12
25933 20272 8
22005 31060 12
29097 29705 13
13055 30888 17
4278 25379 17
31060 22005 17
23487 27625 17
23080 19438 12
6333 12807 13
21264 14316 8
20186 31038 1
20079 11860 12
35528 5938 12
24355 11875 17
22518 34094 16
34354 36267 17
9751 9381 1
11632 10279 12
21886 17739 8
28699 7100 12
30196 19129 12
11244 10281 14
29517 30520 17
17864 239 12
39967 15117 12
35318 18896 12
14834 21075 12
40744 26347 12
8577 14406 17
805 37664 15
15513 36383 12
13982 27167 8
29985 24273 12
4608 6163 17
29313 32278 8
17503 32252 11
11573 17661 3
10922 20094 7
34641 7562 17
8560 39271 8
33142 39553 12
27160 3327 8
18 24934 6
25379 12748 12
40662 37931 17
18886 1097 12
13974 35268 17
15787 29845 17
14873 22005 17
9248 7750 17
2356 12784 12
20545 32015 17
14406 38008 12
19952 8616 12
29771 39386 9
6651 15108 12
23801 18792 15
26687 12103 12
7231 32680 15
23401 5676 12
36006 2885 17
38028 18117 17
8616 19952 17
29364 34624 12
37706 27931 8
34546 18498 12
17710 12475 12
16067 20184 12
17661 25532 4
20452 25029 17
20717 27710 8
27270 28096 12
6532 13024 12
8783 13410 17
18290 17661 3
11914 35659 17
30024 36832 17
17661 24759 4
33025 9775 14
8790 9556 10
6631 27849 17
385 17661 3
282 30003 0
36492 36620 8
23998 20399 12
30137 32953 8
6701 29179 15
21449 9039 8
18297 7750 17
27543 38795 7
38484 32321 12
11702 34477 0
5890 13676 12
38705 4608 17
19815 26538 17
25860 18182 12
31010 27540 17
9762 23700 1
4418 21913 12
22027 29705 17
22349 12265 17
27160 20653 17
34717 7754 8
17739 21886 8
26146 37309 8
497 25655 17
19587 27150 12
12728 28611 15
14406 9649 12
14406 6268 12
21322 12816 17
29730 8578 12
16042 23263 12
36993 11244 2
37557 29862 17
38036 2368 12
13717 26463 12
5185 35448 8
5256 7207 8
18777 18348 15
40879 21836 17
30993 17864 17
29362 10144 8
2140 38530 12
33644 9325 12
37417 36267 17
32748 7803 12
206 22047 12
6816 13106 17
37830 27047 12
1378 27846 12
38346 11244 2
17217 3239 15
9616 39328 8
35881 15891 17
18792 13389 0
19175 40677 8
3276 35232 12
6163 4608 12
25655 497 12
27846 1378 17
13867 27211 12
38834 33189 17
38553 3809 11
32652 36240 17
35151 40596 17
19469 4322 17
1815 15670 17
813 17661 3
17518 8433 8
13509 28119 17
16228 22005 17
17661 7494 4
22271 11244 2
10884 28647 12
35448 36484 12
28097 16516 17
26800 13717 17
15974 4524 17
3209 2801 8
25399 3098 17
32821 16316 17
12048 33450 17
17661 27378 4
27448 16993 8
24759 17661 3
35659 31010 8
6367 10432 17
548 12596 12
10845 20569 8
17661 31583 4
18204 19599 12
25463 18886 8
15277 35613 0
27931 37706 8
36431 16235 8
32697 13487 12
17661 11522 4
907 8922 17
37109 35923 12
40812 10054 8
12433 28829 12
31224 10673 8
32384 19191 12
31140 24933 12
17661 23862 4
8577 33594 8
39465 17661 3
1541 5867 12
28215 15200 8
24494 32296 12
7966 32851 8
22988 10851 8
1588 40040 15
13650 25151 15
31193 14406 17
18872 27782 12
16875 22420 17
5469 24495 12
11732 7828 1
3619 22005 17
11776 14891 12
33595 21278 4
36579 2210 17
21972 34218 12
30937 26294 12
24239 21043 17
19599 18204 17
18517 28273 8
17661 385 4
3325 12782 12
7754 13024 12
24601 12816 17
32429 28425 15
1127 14104 12
30004 2913 8
36267 23173 12
14793 13354 6
7966 28313 8
740 288 12
26166 33218 8
36240 32652 12
28645 32576 8
2035 2982 12
30026 12587 8
38283 7154 17
34132 219 12
11584 21800 8
29015 2726 12
13907 31454 12
935 5703 12
34010 25029 17
9268 8612 17
19538 38047 17
27261 7721 8
4593 31706 17
1097 18886 17
25029 34010 12
14406 40340 12
28829 12433 17
22005 14873 12
1039 30743 8
35448 5185 8
5003 23591 17
23920 38535 17
6123 28611 15
23788 25026 17
18872 27509 12
25236 7071 12
34127 20130 10
12172 22050 12
9762 22965 12
24533 3820 12
5703 935 17
32133 19297 8
27238 28199 8
2797 15014 12
11244 14351 14
24588 20084 0
26203 37205 17
25384 12339 0
14610 7187 1
2594 11244 2
32541 39104 8
16516 28097 12
37671 18204 17
206 32072 12
11315 33644 17
17521 6746 8
27808 28011 17
1198 39055 15
1741 35752 12
12830 25098 8
25484 2458 1
15108 6651 17
14834 3509 12
10144 29362 8
6521 26577 8
38459 16221 17
40558 10100 8
1401 27706 12
40164 8885 12
14583 8481 17
3711 19350 0
40340 14406 17
17408 13631 17
30462 17685 17
33414 1974 17
35899 2987 17
39396 4163 17
23152 19168 17
18415 21836 17
15200 28215 8
37181 10232 12
19018 3982 17
22996 911 17
34628 22005 17
25298 11244 2
9039 21449 8
34061 1198 17
14992 19112 17
14033 32935 0
14077 9240 12
31241 500 17
15748 40597 8
32576 28645 8
8920 18348 15
172 20674 12
26819 40744 12
30583 40383 12
14406 8577 12
34756 30756 6
14317 38433 7
21813 26819 8
34214 24656 8
16443 17661 3
7564 11221 17
408 16254 6
14721 1401 17
39191 7447 12
35659 26591 7
3809 38553 11
33034 21824 17
8231 14610 17
40544 31877 8
23581 40299 8
30213 11676 8
3687 22738 8
10851 22988 8
4524 15974 12
8101 3639 8
15658 30583 17
8612 9268 12
4163 39396 12
8308 7531 9
6481 29271 17
22467 16277 8
18251 39609 0
4286 17661 2
37276 25381 17
14838 25075 17
13259 26968 17
5676 23401 17
22005 32066 12
21740 40520 8
27160 36706 8
27184 13907 17
20895 663 8
97 29802 12
29179 6701 0
22005 16228 12
10021 1010 8
940 23429 17
4157 19019 12
38136 40221 9
16848 25235 12
18204 18491 12
6465 3711 15
8155 17661 3
32653 191 12
17661 10586 4
40744 33330 12
24096 14326 12
16055 34124 8
21340 2304 8
14018 26039 12
35857 19155 17
5279 11244 2
39553 33142 17
32094 19952 17
23581 13842 8
9687 18792 8
17661 23390 4
7721 27261 8
6787 17929 8
12189 14033 15
39386 14653 10
13173 22005 17
28990 18909 8
38512 14104 17
38301 2669 12
6796 29705 8
8198 2982 8
10672 29428 17
4048 4297 12
28210 23911 8
29862 37557 12
27997 21393 12
25727 28047 12
32628 11528 8
26294 30937 17
13768 515 6
8052 22005 17
32432 6162 8
24815 38973 8
27950 34013 6
36120 40433 12
20674 172 17
25664 26679 15
6070 14660 17
5691 16261 12
12103 26687 17
25235 16848 17
34939 5762 12
35609 14553 17
3132 11858 8
39376 21836 17
50 32680 6
9516 29976 17
13631 17408 12
18059 29109 10
17378 5198 17
8763 1401 17
26689 17661 2
19063 20895 8
17661 18774 4
39422 32153 8
17005 2650 12
30228 22659 13
18909 28990 8
33873 33365 0
38795 27543 7
30583 9827 12
22005 40603 12
21836 18415 12
6162 32432 8
33579 28119 17
17626 27149 8
27699 21490 8
27625 10483 12
16073 3861 9
23853 11369 12
10100 28754 8
7779 27159 8
38530 2140 17
17990 31706 17
11858 3132 8
11412 6746 8
22005 14035 12
32234 32953 8
22047 206 17
20144 36011 17
29845 15787 12
356 15625 12
31063 34823 17
33644 10407 12
36620 36492 8
13106 6816 12
13517 31114 0
13354 14793 1
20132 13816 13
12885 10254 12
2885 36006 12
22465 29001 12
12596 548 17
1401 4063 12
