36443 40259 8
12719 15150 8
38649 29491 12
38311 24584 8
30791 26111 8
5176 22005 17
40463 40259 12
38842 40674 17
10018 412 8
3662 34295 8
19842 39114 17
27633 9651 8
1378 22740 13
39114 19842 12
36925 1167 17
25364 30653 0
4594 17005 8
37686 13996 8
30954 30459 8
17576 9301 15
12955 20882 8
1297 31706 8
33345 4572 12
4265 31538 12
11460 37895 12
34113 14502 17
31804 22167 17
2082 2698 17
22005 25780 12
17312 497 8
39706 2109 8
11129 11818 17
40802 31483 17
12525 36925 17
34523 1994 6
37070 7137 17
37585 12412 13
19371 21171 12
20257 34523 12
32746 35810 17
3239 36189 0
11244 756 14
22005 15626 12
24466 22282 8
24466 24562 12
37218 37965 17
33655 22005 17
13208 25348 17
32889 3074 8
11676 12261 8
40259 19651 8
21397 22458 12
17309 38173 12
11244 17854 14
38338 19183 12
39638 27584 12
28055 3339 17
14502 34113 12
39638 18074 17
19412 14777 17
22585 32457 17
13692 30622 8
35218 40791 7
8351 19387 12
35972 18792 15
11244 35363 14
18445 28527 8
3046 22005 17
36371 38730 8
33612 760 12
37511 8159 17
5360 19185 12
1758 2414 13
33088 37258 8
35029 26856 8
37456 20202 12
33985 35194 12
32457 22585 12
19075 14796 8
11776 11857 12
21562 21708 12
9301 12454 12
12288 24075 8
16031 9826 17
33774 11447 14
20274 25283 12
31399 34561 8
24678 36847 12
32825 36568 8
740 27552 8
15593 8324 8
12822 19890 17
15150 12719 8
35402 11244 2
17485 18204 17
2948 16221 15
13753 17097 17
25170 39953 17
23605 24584 8
38839 31893 17
32015 20675 12
20365 37973 17
4157 12743 12
4565 5486 12
1167 14333 12
13352 33634 13
16648 8341 12
26332 3616 8
9023 36130 17
22005 4 12
1637 4565 12
18264 36361 17
3339 31588 12
16254 16418 17
34474 20159 17
34646 38780 8
7048 4401 12
23150 14753 8
10729 1167 17
1063 25160 12
504 21009 8
32457 22648 12
13802 37207 8
30601 21237 8
10570 25880 12
39060 18592 8
8617 16418 17
33574 3821 17
23916 8738 8
18318 22242 12
26851 20180 12
34632 24364 17
30524 1092 8
3405 7738 12
20180 26851 17
30691 9860 8
16877 10121 8
35661 21450 12
29746 16309 8
17301 32133 8
11776 16733 12
22433 21969 12
3821 33574 12
18364 33612 17
2761 17884 8
4401 7048 17
781 15158 12
40937 14279 5
6699 9748 8
29571 22005 17
27849 23071 12
17920 33655 17
159 34447 8
39895 19405 12
19709 39546 8
14553 5337 8
13703 9165 17
9165 13703 12
10040 8738 8
37017 22005 17
14032 22516 17
27893 31899 8
22282 24466 8
1167 36925 12
3616 26332 8
14406 24185 12
3185 20178 17
3239 5024 0
28223 31069 12
10486 15195 8
6361 29166 8
39670 5677 17
36575 15593 17
16492 1556 8
5669 3013 17
10388 26920 12
11441 15896 0
9666 13652 17
16103 636 8
7203 1691 17
19077 25249 8
24755 21803 8
34394 40251 12
22648 32457 17
14406 33850 8
10884 26397 12
32968 10687 8
20166 17588 12
7542 11244 2
5658 39652 8
9753 33163 13
20120 12496 12
39160 27385 12
27773 29495 8
19149 39422 8
29402 39333 12
20539 13223 8
2657 22005 17
29474 33773 12
14678 15745 13
17496 19506 17
12312 14165 17
1879 39386 9
1167 29704 12
10166 11115 7
34018 7990 8
39895 37661 8
38797 4382 12
32712 37095 8
15729 26811 13
34561 31399 8
22196 14346 17
21904 16803 12
3002 8381 8
36925 12525 12
14834 38074 12
1637 9664 12
30827 3930 13
16062 21400 2
34380 36925 17
32947 4392 8
40699 2701 12
3013 5669 12
36847 24678 17
3589 9301 15
18031 15783 8
20257 22912 12
38060 14880 17
27845 35131 1
30616 29402 17
38356 23156 12
23219 10726 12
34558 35743 12
38461 39335 8
4309 22068 8
8738 10040 8
16084 35936 8
26178 24588 15
417 8865 8
25260 1378 17
40888 22005 17
29097 5802 13
23481 23080 17
28307 35650 13
32133 17301 8
2035 25478 17
7187 27051 17
1167 12469 12
25184 12773 17
28184 6420 8
17884 28189 8
40430 23645 8
11244 40760 14
9743 1167 17
14777 20824 8
32297 28818 17
7005 29426 12
11160 38797 17
23111 11151 17
40390 16983 12
35953 10371 17
18816 17572 8
8072 32733 8
5422 24795 17
16654 4406 12
20178 27032 13
40405 26665 8
33612 25004 12
9301 39311 12
35699 14255 8
2049 38690 8
11244 1417 14
11447 33774 2
11875 28175 12
35563 8648 8
24364 34727 12
1167 30878 12
6722 10922 8
1378 10967 12
2611 6162 17
7640 32533 12
24588 4975 12
20041 16348 12
1422 23106 13
29704 1167 17
2797 11739 12
3415 22344 12
22435 36009 17
24788 34304 8
39249 3339 17
9826 39723 12
15058 11795 8
7048 36808 12
32457 5417 12
22005 31200 12
73 34650 17
21418 20127 12
31513 3001 13
22005 30452 12
1167 26851 12
17309 10674 12
34713 32457 17
40699 2885 12
8351 20042 8
18603 33608 8
31069 28223 17
35131 27845 6
32849 10072 8
10250 37885 12
10465 22871 12
10674 35339 8
15629 11389 17
40248 17620 12
17864 4971 12
17292 9970 17
9664 24840 12
37902 39791 17
7791 12097 8
6040 11389 12
37958 35877 12
3465 4265 17
3791 380 12
7864 17309 17
36066 29550 8
6337 10059 17
18792 3009 0
15783 18031 8
30587 30827 17
11744 13844 17
3009 18792 15
28651 34782 8
23371 38 7
7048 11803 12
1791 21632 13
15974 23120 8
15001 6299 17
34930 11671 17
6532 33997 12
17280 17275 8
16836 2490 17
15092 14406 17
23726 33644 17
15674 40769 17
29586 26387 13
2722 36011 17
24846 23154 12
38603 31574 12
6297 30568 8
36493 16214 17
1845 38484 17
2490 16836 12
11121 10197 12
18497 24152 12
12920 36854 15
19989 26851 17
13861 36917 12
37095 32712 8
32569 39422 0
20780 2342 17
34257 17131 8
5486 4565 17
5523 5485 12
33612 9112 12
15813 36952 17
33286 4269 0
23655 32858 0
38372 2797 17
3065 28826 17
28544 9651 17
19605 40851 11
2076 26391 8
1407 3099 12
23924 38748 12
24152 18497 17
40744 30442 12
3395 7140 8
17457 22005 17
7703 10009 17
35864 18070 2
30695 3625 8
172 3002 12
5360 15317 8
32015 29635 12
21400 38832 17
32628 36326 8
15840 12908 17
1691 9306 12
29222 33905 17
11244 11151 14
9748 18235 17
38771 32984 8
285 15782 8
15748 6299 17
15968 38033 8
38056 16418 15
21562 25257 12
2842 1719 8
37290 24819 8
29241 19506 12
551 3586 8
27633 18441 12
25029 25853 0
19888 25490 12
2701 40699 17
5360 37558 13
13652 27683 12
26257 15569 8
26538 30191 8
38046 36116 17
23154 24846 17
36072 30709 8
17864 3677 17
1547 14107 12
19112 17197 13
24562 5677 12
7605 29232 17
8241 6900 8
18401 9767 8
12098 26756 8
9110 23262 8
26751 36009 8
33079 6130 17
14435 22005 17
29241 4797 12
36009 26751 8
15618 26538 8
5625 34710 12
32780 33271 8
16084 14489 8
21729 37936 17
9030 16802 8
24302 3893 8
4157 37965 12
26851 19989 12
3506 11244 2
35781 4703 13
34299 28132 17
25360 22428 8
18592 39060 8
6989 39742 12
31910 23423 17
24990 31635 17
36361 18264 12
2135 26913 17
31813 9471 12
4269 33286 15
4572 21598 8
33970 31483 17
34862 22005 17
9385 27625 8
30709 21904 8
26884 31483 17
28132 34299 12
26169 11244 2
27141 14553 7
27549 494 8
31684 32457 17
35876 39753 8
1092 30524 8
7642 11710 8
9904 3921 8
28177 31635 12
9686 28132 8
18792 36631 0
17888 3774 12
33644 32516 12
21101 24174 17
11244 25053 14
24061 1167 17
19952 12677 12
5874 22005 17
21171 19371 17
39028 19941 8
38418 33439 12
15590 24098 8
29687 33612 17
40195 33861 17
17581 28378 8
35481 11671 8
1794 33757 17
38461 20975 17
12385 29110 8
40656 26390 8
20492 18030 17
35335 38792 8
8648 35563 8
29730 10325 13
31473 28268 13
11776 23125 12
20257 6204 12
32569 39213 0
31635 1373 12
15782 285 8
33644 23726 12
13459 18235 6
16164 25249 8
21842 23750 17
29562 172 17
29097 19327 13
25111 39006 8
12454 9301 17
6040 28189 12
33612 10681 12
36234 38808 12
1847 3239 15
26306 10674 17
30477 23601 7
25701 10592 12
11739 2797 17
3537 36326 17
17309 19911 12
1874 12399 8
17095 39813 8
23120 15974 8
32030 17573 12
30159 165 17
22022 26355 12
24914 29443 17
12668 9767 8
18385 5043 12
19862 13652 17
22005 38403 12
14756 9664 17
28517 35902 12
4991 1167 17
20198 10151 17
1910 39638 17
27820 35762 12
25447 36888 12
15317 19249 12
34030 40148 12
3304 12502 12
25348 40501 12
10633 10056 17
17588 20166 17
9386 19430 8
32384 89 12
4017 34034 8
19888 24963 12
5477 36765 8
26365 27681 8
38033 15968 8
28852 21090 12
7269 36151 8
27799 15020 8
18276 16398 13
19651 40259 8
35272 33655 17
2055 40271 17
8481 23750 12
26640 1873 8
6846 19335 8
2604 18438 8
15731 5591 8
34683 31687 8
35489 6882 8
17849 19249 17
17822 19729 8
40779 28935 8
10570 18355 12
13628 15020 8
5890 35381 17
28862 18738 17
32242 2685 8
29265 19485 17
1792 35900 2
13078 165 17
35563 33985 8
37965 4157 17
1167 18853 12
37430 38797 17
39778 14461 8
25208 34336 13
28142 1335 8
25490 19888 17
30402 6687 15
6714 19949 1
34407 36925 17
19185 5360 17
9860 30691 8
32015 1320 12
36435 28495 17
6633 30749 8
40588 3376 12
1869 21906 17
6657 35803 12
19398 4565 17
31077 13652 17
15806 1378 17
22754 1335 8
17697 24979 12
3045 3831 12
19985 9288 12
34379 24034 8
1378 25260 12
34549 1994 15
26198 1319 8
11226 108 13
27565 30517 8
2389 6719 12
22005 29571 12
36620 15623 12
19335 20037 12
38797 11160 12
33655 16010 8
14777 12692 12
21906 1869 12
31483 30957 12
23601 30477 7
15910 30665 8
20519 40686 8
9916 6641 13
33278 40259 17
15130 11244 2
6822 12841 8
29822 14097 8
1063 13897 12
5439 20579 8
26845 4265 17
4975 24588 17
10776 33624 17
17175 9011 17
8297 31264 8
31483 40802 12
14346 22196 12
17458 15882 8
28194 16772 12
22687 33771 8
29287 22005 17
19122 611 8
21224 17610 17
24831 29166 8
1604 16737 8
33612 36187 12
32762 24562 8
26608 20037 8
8180 1452 12
30958 14406 17
15605 34517 8
39441 27791 8
17588 21316 12
878 30496 12
7269 38677 8
27514 39160 17
36808 7048 17
37943 40588 17
25740 23073 17
32457 29063 12
19720 4059 17
27625 9385 8
31635 35339 8
22005 3706 12
138 19020 17
32628 8960 12
24392 35901 8
19862 30043 13
9084 11671 17
22005 15248 12
35339 2135 8
10863 4654 12
32703 20730 12
9454 7137 17
39895 11050 12
1378 30436 13
4353 22870 8
36925 34407 12
39638 1910 12
31996 1974 17
17581 26115 8
19069 8132 17
1167 30409 12
36555 4349 8
29252 31702 8
11152 16654 17
890 8075 17
40573 8246 8
31200 22005 17
23335 17470 15
30496 878 17
11671 14306 12
9032 10486 8
11244 7542 14
40259 39399 8
14738 29241 17
24255 24761 1
36568 32825 8
32533 23995 12
37758 32762 8
30494 12578 8
142 22005 17
23750 21842 12
27385 10465 12
3304 33151 12
9664 14756 12
17792 13578 17
7130 18792 17
28813 12648 17
30452 2546 12
20125 9976 8
6687 30402 0
23035 13652 17
5506 591 12
443 37792 12
37366 3363 8
19158 24956 8
28351 17309 17
9065 2991 12
27259 2773 12
1474 34169 8
21688 28952 17
3151 7640 17
30827 30587 12
40751 22005 17
40699 29174 12
40920 34777 8
13893 21520 8
32762 29243 8
16648 2959 12
34558 2968 8
15447 27535 8
12959 35544 8
38301 17309 17
29614 26679 6
22005 34862 12
12532 18616 17
5849 21688 8
33850 14406 8
18792 7130 12
13881 32508 7
24963 23605 8
19305 12324 17
4841 14167 17
17005 14681 12
6786 17458 12
27552 740 8
30709 36072 8
11875 11888 7
24438 28852 17
2114 30368 12
29586 2685 13
19370 10121 8
6924 23462 12
30709 32585 12
9698 11975 8
17938 40699 17
36053 15010 8
19405 39895 17
9767 12668 8
10681 33612 17
30452 22005 17
32984 38771 8
22282 26776 8
33768 18616 8
17723 25184 17
22005 30942 12
8481 39752 12
8423 30709 17
34311 22005 17
4337 11244 2
2867 18204 8
17521 7702 13
6641 31483 17
24409 23644 17
34782 28651 8
37481 11191 8
19506 29241 17
20836 7496 8
30360 40656 8
33612 18364 12
1994 34523 1
22005 24906 12
3885 31229 13
9762 11879 8
19020 3292 12
16733 11776 17
1378 25880 13
38887 32698 17
14530 12659 7
9288 32343 8
33612 36488 12
17273 34250 12
18604 31001 17
25364 5443 0
22005 13222 12
20178 3185 12
26111 30791 8
18051 3907 0
40698 1361 8
27514 20118 12
9888 8426 17
33612 1486 12
7227 17197 13
17005 4594 8
18355 10570 17
14406 15092 12
20220 31964 8
20037 10518 8
22529 22005 17
3228 28132 17
18280 33198 17
39507 11244 2
22068 10432 8
9786 39678 12
34259 31399 8
11244 37546 14
40470 8626 8
29491 38649 17
23012 6130 17
20675 32015 17
10512 27051 17
2797 38372 12
28952 40779 8
13652 23035 12
22005 34311 12
165 30159 12
3001 31513 13
1338 26962 8
35907 22005 17
35790 27006 15
21680 7153 13
13652 31077 12
23262 9110 8
18616 33768 8
36706 6700 8
29232 23226 12
35241 38164 12
37637 32516 17
4 22005 17
22005 17139 12
40410 11244 2
33608 18603 8
5349 19164 8
2217 12807 8
27242 23046 17
9826 16031 12
38320 29782 8
28818 32297 12
31702 29252 8
19221 36081 8
26686 16363 12
380 3791 17
15076 12578 17
34517 15605 8
18497 3074 12
24588 8067 0
30442 40744 17
38484 17309 17
36874 23056 12
29503 38772 17
24364 34632 12
11460 18204 8
32457 7048 12
11776 3876 12
17275 26585 12
24788 35451 12
21520 13893 8
2611 40674 12
34523 20257 17
10674 33885 12
9358 19905 12
35795 36197 17
31967 27786 8
10460 34720 17
34410 30675 8
13596 9305 0
15896 11441 15
40338 8235 12
7495 31402 8
26802 36636 12
12659 14530 7
24588 29957 0
24311 13119 8
2959 24020 11
1167 4991 12
10568 30301 8
4654 10863 17
9753 7137 13
13578 39402 12
4411 1465 17
10523 29533 8
3074 32889 8
40260 3990 12
14678 4948 13
670 12189 8
22576 6657 17
28823 22420 8
3376 40588 17
15400 2335 13
11588 10226 8
6900 8241 8
10056 10633 12
11776 39953 12
24414 39300 13
39678 9786 17
32457 15497 12
12908 32223 12
19888 7086 8
22005 16377 12
30948 2909 8
36925 38338 12
7232 2412 8
34532 10761 17
40443 30254 12
19890 12822 12
16418 38056 0
12219 15323 17
38966 32894 17
35936 16084 8
33615 11244 2
22428 11075 8
21386 1907 12
18033 36831 17
22420 11488 8
1417 11244 2
23467 8979 17
22021 6162 17
21009 504 8
18312 21418 17
11323 37456 17
18117 3677 17
22420 24137 8
39863 27006 15
38056 36458 8
4583 16382 8
37792 443 17
35451 24788 17
11372 34151 0
21731 25863 17
28936 35891 17
24819 37290 8
36187 33612 17
3151 23424 12
10432 15058 8
33903 19016 15
25151 1683 0
33644 38212 12
9651 27633 8
14107 1547 17
18337 3304 17
39097 21211 8
36267 8799 12
39120 17565 8
39160 27514 12
4265 17547 12
37539 20877 17
11244 29479 17
30749 6633 8
34396 35975 2
17366 32015 17
4572 33345 17
760 33612 17
15624 4797 17
24521 36896 8
14806 26787 12
37878 29730 12
6978 7287 17
23226 29232 17
7048 32457 17
24466 15882 17
1167 21709 12
25293 21904 17
32457 34713 12
38677 7269 8
13652 20688 12
30712 22348 17
22005 6949 12
17573 32030 17
36549 30311 8
22516 14032 12
39813 17095 8
17309 40281 12
29248 36241 8
32015 30087 12
13444 20784 12
21977 9614 17
1128 16905 8
34558 30798 12
10721 24846 17
28495 36435 12
9306 1691 17
23056 36874 17
21847 7048 17
33963 38797 8
26854 36436 8
10518 20037 8
15748 29302 12
1167 10729 12
34727 24364 17
25903 32504 8
16019 7640 17
16884 1691 17
24963 19888 17
165 27893 12
29041 8403 8
25053 11244 2
25346 5534 12
8480 19754 17
23045 22005 17
9507 1167 17
33889 34710 17
19506 25118 12
20037 19335 17
16309 29746 8
1974 33662 12
23727 28274 8
39335 38461 8
31899 27893 8
10909 1167 17
11015 22005 17
7503 26404 17
7955 22005 17
4874 22306 12
22282 15620 13
25075 15674 17
6511 21598 8
34680 7375 12
8982 7162 1
16418 8617 12
17884 35936 8
10056 1466 12
33395 40357 8
33198 13652 17
9933 34769 8
31581 24584 17
40259 33278 12
20123 2585 17
38646 35886 8
30191 26538 8
32894 38966 12
15001 34558 8
31635 24990 12
2932 1167 17
31687 34683 8
7642 13946 17
6897 32419 12
12097 7791 8
19485 10147 12
32759 39591 8
1378 15806 12
23661 23621 8
9379 36388 8
13652 4397 13
23661 34452 7
7049 40699 17
29800 20502 8
4406 16654 17
32015 40697 12
31483 26884 12
32733 8072 8
8450 33599 8
28478 32457 17
23093 12180 12
24185 14406 17
33655 17920 12
28958 9114 12
443 15498 12
33985 19020 12
5360 6033 13
29110 12385 8
18665 33233 12
19754 1547 17
20041 21830 12
12578 40224 8
5425 164 17
19579 1167 8
9062 13239 7
29063 32457 17
2537 17962 8
31635 17605 12
19020 33985 17
8889 31893 17
32098 15826 8
27498 9786 12
31358 39312 8
23632 28051 8
3363 37366 8
12692 14777 17
38546 13846 17
36218 32950 12
30142 28011 17
2773 27259 17
18228 18576 12
10226 11588 8
1167 19579 8
31399 34259 8
14877 35594 8
9301 3589 0
35134 14049 17
3876 11776 17
26776 22282 8
32654 33612 17
21848 36109 12
20257 28808 12
17290 4442 8
18633 5169 0
32516 33644 17
23156 38356 17
38797 37430 12
36011 2722 12
31635 21773 12
29912 37676 8
31001 18604 12
19916 13531 13
37895 11460 17
29589 2952 12
340 39966 12
18235 9748 12
13202 19705 12
36066 36458 7
18908 35448 12
36011 21495 12
26787 14806 17
14165 12312 12
11212 14155 12
35886 38646 8
40699 17938 12
20096 3405 17
32244 27230 17
27051 7187 12
20127 21418 17
8132 21562 17
24109 33985 17
11291 25714 8
34156 4849 8
1337 32457 17
32218 17102 8
36066 17488 12
34447 36011 17
11776 21999 12
7162 8982 6
29174 40699 17
1486 33612 17
9708 4037 8
6097 19942 17
31588 3339 17
32508 13881 7
33774 16164 17
3748 2840 12
22005 34223 12
22017 3015 17
448 24798 17
12743 4157 17
22005 785 12
3304 26744 12
8681 27230 17
3748 38138 8
9664 1637 17
30622 13692 8
1974 31996 12
39084 13908 17
3586 13172 12
21316 17588 17
33233 18665 17
4971 17864 17
24520 20126 12
22005 6489 12
27006 35790 0
32585 30709 17
626 37200 17
18453 966 12
31813 337 8
6162 22021 12
33985 24109 12
7048 27455 12
40357 2450 13
39959 32457 17
1873 26640 8
24827 28396 13
23644 24409 12
27006 13910 0
34344 24045 12
35762 27820 17
40248 22720 12
13897 1063 17
4037 9708 8
19502 3281 12
24840 26775 8
34447 159 8
2412 7232 8
8865 417 8
29243 32762 8
29232 7605 12
24770 18051 15
32435 33612 17
7326 1330 12
10009 7703 12
5503 1239 8
15492 16317 17
17292 17276 12
24979 17697 17
8699 12430 17
11823 21540 7
21140 10654 8
21237 30601 8
5477 13061 8
5380 7039 8
36009 20511 12
6600 3118 8
34015 33316 12
29861 31852 17
15914 18697 8
39953 11776 17
5239 3002 7
40656 30360 8
32133 31875 8
2585 20123 12
13235 22005 17
16654 11152 12
25714 11291 8
26730 22285 12
35594 14877 8
29474 13652 17
5388 34181 13
26631 17005 17
21540 11823 7
2135 35339 8
11244 374 14
27611 22005 8
3907 18051 15
12139 25478 17
14167 4841 12
15878 28382 12
24588 6745 0
23654 6193 17
18665 40357 17
24798 448 12
33905 25364 12
36009 22435 12
30087 32015 17
21562 8132 12
28602 36066 17
18792 35972 0
12202 7496 8
11115 10166 7
17097 35211 12
24956 19158 8
28288 22005 17
38282 20663 12
3108 1166 8
40698 26583 8
1260 23621 8
31386 18497 17
16466 30815 8
5337 14553 8
27625 40699 17
22005 5176 12
6218 2226 8
30301 10568 8
14406 23520 12
27451 15495 17
594 40769 17
22005 35999 12
15729 2431 13
16741 16392 17
26538 15618 8
9301 17576 0
12098 27056 13
7375 34680 17
6700 36706 8
34452 23661 7
5494 9085 7
33667 40104 8
30878 1167 17
37965 37218 12
5053 15001 17
1167 9743 12
40357 33395 8
9809 23655 15
5834 10568 8
33624 10776 12
11879 9762 8
18894 28982 8
4653 23515 12
33985 11014 12
17605 31635 17
14155 8498 13
33316 34015 17
38282 37661 17
1167 36653 12
20400 29123 8
24627 22005 17
36326 3537 12
33644 16317 12
33667 4265 17
39801 34848 13
1467 8473 8
16533 4265 17
34250 17273 17
26371 1167 17
33985 35563 8
10072 32849 8
19914 2575 17
24906 22005 17
27051 32244 1
1768 9288 7
20232 10258 8
17309 37441 12
18621 18051 15
17309 7864 12
24171 24588 17
11671 9084 12
38748 23924 17
32702 5352 12
39123 38724 17
40364 16783 8
11244 39507 14
3991 15379 8
14800 28125 8
19440 24947 17
32162 15495 17
18713 33612 17
28175 11875 17
19844 14406 17
40443 37237 12
11014 33985 17
22005 24627 12
15001 5053 12
35936 17884 8
8738 23916 8
13223 20539 8
35194 3748 8
20018 32727 17
3586 33869 8
22305 40573 8
28706 15545 17
22356 3891 8
36096 39961 12
16110 3991 17
39422 19149 8
29097 39115 13
36057 36609 8
10465 27385 17
33644 16341 12
30581 25077 12
16803 21904 17
34650 73 12
38006 15964 8
2226 6218 8
24584 23605 8
37456 18924 12
11222 14065 17
24929 8310 15
22005 14105 12
36644 40674 17
36458 36066 7
34320 24588 15
24098 15590 8
10726 23219 17
32825 25412 17
3471 39248 13
39953 25170 12
9085 5494 7
22005 40751 12
4265 9092 12
1547 19754 12
22005 4059 12
27494 12419 17
6714 17221 17
1412 18204 17
32419 6897 17
21397 30240 12
2959 16648 17
14333 1167 17
11244 35402 14
27843 21571 8
34939 40344 17
15626 22005 17
26593 22005 17
22005 3046 12
10197 11121 17
2369 8077 0
33098 4353 8
29241 20439 12
36765 5477 8
23467 29519 12
10552 31104 8
36130 9023 12
16392 16741 12
15495 32162 12
24795 36823 12
29438 5802 8
32457 1337 12
11795 15058 8
13119 24311 8
18070 35864 14
22005 36625 12
22005 12537 12
5957 20578 13
18616 12532 12
165 13078 12
11875 731 12
11227 25880 13
29174 1804 12
10967 1378 17
33869 3586 8
17787 9226 8
17102 32218 8
40004 1858 8
18204 31569 8
36326 32628 8
1894 27610 13
30858 29241 17
25283 25535 8
20469 14088 17
13652 5591 12
28982 26963 8
1302 37909 7
10198 33625 8
10922 6722 8
20042 8351 8
10359 7895 8
40104 33667 8
1361 40698 8
30581 32887 17
9846 9301 15
4059 22005 17
39753 35876 8
28852 24438 12
14065 11222 12
10863 39399 8
6299 15748 12
33612 8636 12
26851 1167 17
22005 13235 12
5809 10674 17
24588 24171 12
10698 36952 17
38484 1845 12
39321 27820 7
20257 21369 0
636 16103 8
26859 37892 12
27584 39638 17
18204 11460 8
7287 6978 12
21211 39097 8
18364 8692 12
33757 15019 12
26067 16392 8
29061 27725 8
25478 2035 12
2564 39503 8
27230 14049 12
14049 27230 17
35810 33291 8
22348 35029 12
20202 37456 17
37095 16195 12
17965 33218 8
20519 35895 12
16363 26686 17
37973 20365 12
28132 23924 17
10674 28173 12
17458 6786 17
18475 5737 7
13239 9062 7
22720 40248 17
39179 22005 17
33218 25627 8
8881 34167 8
10612 32829 13
29166 24831 8
39681 6581 17
11305 22154 8
8291 33655 17
27683 13652 17
17884 2761 8
17276 17292 17
37676 12180 8
35363 11244 2
9288 19985 17
13908 39084 12
11776 14778 12
28751 14406 17
32762 37758 8
22005 37017 12
1167 26371 12
19020 138 12
7079 7038 7
9767 18401 8
39752 8481 17
29241 30858 12
890 20134 12
24195 32270 12
35419 38751 8
29443 24914 12
26946 13652 17
27309 9613 17
22870 4353 8
11366 29554 12
39546 19709 8
31516 1167 17
33612 32435 12
33612 35688 12
1166 3108 8
27159 9641 8
22306 4874 17
17139 22005 17
4705 39780 13
15623 36620 17
3748 35194 8
12098 40127 13
18438 2604 8
30169 3360 12
25077 30581 17
24541 38451 8
7990 34018 8
16214 36493 12
9867 21960 7
11244 1469 14
24990 35898 8
21153 7617 17
13517 8258 0
24123 36458 7
6162 2611 12
801 29499 8
22005 39179 12
22005 142 12
31609 19361 12
36109 21848 17
15882 39895 12
9970 29241 17
27455 7048 17
23515 4653 17
30459 30954 8
6949 22005 17
31538 4265 17
32270 24195 17
19729 17822 8
19223 10187 8
18463 25348 17
7640 4157 8
28935 40779 8
27357 32457 17
17309 38301 12
9759 8075 17
12419 27494 12
35486 14128 17
8960 32628 17
32569 40922 0
6193 23654 12
18338 542 12
1182 20042 17
22595 37168 17
259 10674 17
29519 14032 8
28455 12473 8
12908 15840 12
17374 23924 17
19724 17956 8
3339 39249 12
172 24840 8
11888 36925 8
111 7583 12
13521 32739 10
7137 25609 8
25249 6147 8
22005 17457 12
25714 15826 8
29730 37878 17
164 5425 12
6489 22005 17
23634 11081 8
30432 19506 17
37936 14406 12
22564 34769 12
35029 22348 17
4265 40247 12
12399 1874 8
22005 26404 12
36877 16084 17
15330 29840 17
29479 11244 12
35194 33985 17
11244 33615 14
12677 19952 17
7048 12733 12
4565 19398 12
5682 22870 8
11151 11244 2
22285 26730 17
30957 31483 17
22378 24216 12
28184 17886 12
34769 9933 8
38780 34646 8
22005 29287 12
19249 17849 12
26963 28982 8
27820 27526 8
1335 22754 8
35161 17131 12
11803 7048 17
5061 11421 7
16341 33644 17
6197 37824 12
30798 34558 17
14105 22005 17
35975 34396 14
30827 35223 12
5043 18385 17
39837 22005 17
28808 20257 17
27535 15447 8
24562 24466 17
20440 33504 17
39006 25111 8
38772 29503 12
5024 3239 15
22005 3908 12
33250 11244 2
11058 23386 17
35523 9301 15
17272 25502 17
7747 36952 8
8804 32622 13
18792 19735 0
32091 32015 17
4464 34876 17
35425 28742 17
18176 14187 12
34371 19077 17
22005 23045 12
39591 32759 8
22145 13652 17
20118 27514 17
29048 32203 8
34179 4653 8
32514 10450 12
38730 36371 8
31330 32702 17
38147 35337 17
9970 9483 12
36081 19221 8
34848 39801 13
10320 33014 8
39652 5658 8
19786 40708 8
19025 29315 12
21803 24755 8
24552 16724 14
6204 20257 17
24656 19364 8
20042 1182 12
15346 6179 17
17309 18534 12
22005 39837 12
715 25854 8
25478 12139 12
17778 3316 8
17559 36124 17
20913 20944 12
7039 5380 8
3677 7217 12
1994 34549 0
8305 9794 8
15674 25075 12
7614 3360 8
39365 15670 12
13498 40127 13
19364 24656 8
5935 13194 17
8341 16648 17
11075 5077 12
1719 2842 8
32111 26550 8
26808 28052 8
16418 16254 12
22843 13861 17
5682 33098 8
14187 18176 17
17485 5744 12
1469 11244 2
16254 36976 1
27385 39160 17
25535 25283 8
19179 20220 17
12412 37585 13
33599 8450 8
22005 28288 12
36925 34380 12
4265 23247 12
33282 28419 17
32271 8507 8
28052 29889 8
4087 18858 8
28052 26808 8
16772 28194 17
582 26556 12
11818 11129 12
10020 172 17
26756 12098 8
33757 1794 12
10687 32968 8
29618 32977 12
25634 26243 7
16084 36877 12
16010 33655 8
33612 32654 12
12126 24552 2
19016 33903 0
20017 10059 17
35156 7617 17
4265 33667 12
20746 28132 17
21688 5849 8
20037 26608 8
40851 19605 11
24893 10235 12
11076 19710 12
22005 40888 12
6162 35381 8
38808 36234 17
31512 28142 8
36066 37878 17
497 1637 8
16226 37280 12
1465 4411 12
10143 5523 12
37676 18277 8
31391 4611 17
23424 3151 17
6130 23012 12
35041 7048 17
39961 36096 17
6592 4797 17
16802 9030 8
40352 31893 17
26115 17581 8
33861 40195 12
21376 17272 7
10654 21140 8
11244 15130 14
9114 28958 17
11162 29946 17
4392 32947 8
9301 9846 0
9770 19485 17
18204 2867 8
15882 18748 12
28826 3065 12
17488 36066 17
710 25880 13
3015 22017 12
14683 33757 17
23621 23661 8
6328 31402 17
17309 31702 12
29885 15823 12
1092 11637 8
40344 34939 12
1567 31950 8
37258 33088 8
25745 3056 8
19647 32059 8
31702 17309 17
33198 18280 12
11776 40344 17
35339 10674 8
16382 4583 8
17131 40307 8
39455 34777 17
11075 22428 8
16317 33644 17
12578 15076 12
18748 15882 17
2885 40699 17
20178 28370 13
34710 39269 8
37661 38282 12
26775 24840 8
37661 39895 8
22005 14435 12
12189 670 8
15649 40468 17
15882 24466 12
24650 8634 17
10258 20232 8
33917 18338 17
26665 40405 8
10059 20017 12
29097 26780 13
31950 1567 8
29302 15748 17
21598 4572 8
10450 32514 17
15498 443 17
11244 38699 14
10151 20198 12
16532 14842 8
19506 30432 12
37290 4059 17
611 19122 8
14343 36167 12
34710 29304 8
2080 13198 12
33655 17641 12
12220 31122 8
966 18453 17
34167 8881 8
27820 38078 8
16164 33774 12
40699 7049 12
33771 22687 8
35877 37958 17
1577 15558 17
27681 26365 8
5770 33644 17
12066 19351 8
22863 33634 13
2968 34558 8
17854 11244 2
5534 25346 17
22793 3239 15
14553 27141 7
32702 31330 12
16195 37095 17
2840 3748 17
4382 13450 12
6225 35066 8
10432 19844 8
20688 13652 17
22005 18908 12
28982 18894 8
30062 11549 8
1319 26198 8
35810 32746 12
4653 34179 8
30942 22005 17
20126 24520 17
27696 31635 17
10568 16423 8
40251 34394 17
15158 781 17
17131 35161 17
31264 8297 8
16492 16035 8
5485 5523 17
5443 25364 15
31574 38603 17
35999 22005 17
21992 20257 17
29241 3946 12
497 17312 8
6179 15346 12
17005 21506 8
7727 18616 17
1167 24061 12
40307 17131 8
6327 572 17
25348 13208 12
24174 21101 12
23168 10450 8
40588 37943 12
11441 9820 0
4849 34156 8
33885 10674 17
13846 38546 12
40769 594 12
11875 7800 12
29946 21813 12
1637 497 8
5523 10143 17
25148 31445 12
18924 37456 17
8403 29041 8
19705 13202 17
30653 25364 15
31445 25148 17
14773 22812 8
16031 36609 12
40932 22005 17
30254 40443 17
15379 3991 8
3774 17888 17
19710 11076 17
8756 10881 8
26243 25634 7
33655 8291 12
36458 38056 8
3002 5239 7
10121 19370 8
33842 17778 6
38101 28184 12
9142 32819 17
14730 23832 8
25249 18124 8
3164 11244 2
36189 3239 15
31149 26802 17
20439 29241 17
27773 8351 17
19942 6097 12
36488 33612 17
10962 35339 8
15020 13628 8
24075 12288 8
39386 1879 10
4349 36555 8
12648 28813 12
20228 22870 8
9483 9970 17
25803 38357 8
17565 39120 8
26583 40698 8
27725 29061 8
19351 12066 8
17275 17280 8
17272 31989 8
38792 35335 8
5417 32457 17
3405 20096 12
28378 17581 8
33655 35272 12
22005 4750 12
19844 10432 8
12066 31483 17
35544 12959 8
20149 26758 13
35223 30827 17
8473 1467 8
26397 10884 17
31893 40352 12
36631 18792 15
7048 35041 12
14678 18203 13
38164 35241 17
13222 22005 17
29097 14065 13
28274 23727 8
11151 23111 12
31269 39921 12
9112 33612 17
36609 16031 17
14834 38152 12
22005 22529 12
15317 5360 8
10327 1411 8
29241 9970 12
33612 31555 12
33612 37095 12
3677 17864 12
15543 19333 7
39742 6989 17
24552 14058 14
17658 27625 8
9092 4265 17
21708 21562 17
4361 5507 8
20380 17553 12
23621 1260 8
6297 23150 8
9748 6699 8
36019 35900 2
3304 18337 12
36436 26854 8
9970 28223 12
21904 23605 8
35717 21903 8
38422 11492 12
33612 18713 12
13652 26946 12
28051 23632 8
2092 7048 17
11492 38422 17
15729 5673 13
39402 13578 17
2698 2082 12
26962 1338 8
3118 6600 8
18051 24770 0
24584 30709 8
35006 14956 17
10450 23168 8
9891 3118 17
9288 1768 7
7048 21847 12
22870 20228 8
30709 24584 8
33098 5682 8
2909 30948 8
20675 10385 8
3002 172 17
36625 22005 17
2338 2902 8
6565 32457 17
27893 165 17
7800 11875 17
36854 12920 0
12469 1167 17
11050 39895 17
16035 16492 8
20134 890 17
10371 35953 12
31635 39583 12
19183 38338 17
22005 33655 12
35901 24392 8
31989 17272 8
2271 28499 12
23924 17374 12
31852 29861 12
20257 21992 12
36066 28602 12
38033 31801 8
38499 17503 8
13910 27006 15
36197 35795 12
21369 20257 15
20663 38282 17
37280 16226 17
8634 24650 12
5802 29438 8
10674 26306 12
4556 32628 8
40779 36735 12
39288 4393 12
38357 25803 8
25160 1063 17
35900 1792 14
33746 18074 17
7086 19888 8
23247 4265 17
26851 1193 12
1804 29174 17
36233 39077 8
5677 39670 12
33151 3304 17
32819 9142 12
7137 9454 12
15062 28419 8
11905 33558 8
39269 34710 8
23655 18098 0
756 11244 2
38173 17309 17
9870 17275 8
34876 4464 12
23605 24963 8
10881 8756 8
594 9810 12
15882 17458 8
3831 3045 17
39041 31796 8
39895 15882 17
16783 40364 8
38403 22005 17
39863 40074 17
15323 12219 12
37765 33152 8
6420 28184 8
337 31813 8
4059 37290 12
28173 10674 17
11857 11776 17
13844 11744 12
8075 9759 12
39791 37902 12
32457 31684 12
3946 29241 17
5677 24562 17
1758 13305 13
17005 26631 12
3586 551 8
19115 22870 8
40069 28852 17
20579 5439 8
11256 9613 17
32739 13521 9
31706 1297 8
17156 2557 12
33697 32694 12
25004 33612 17
31391 22567 8
4265 3465 12
6581 39681 12
18792 22929 0
172 10020 12
35743 34558 17
3239 22793 0
1466 10056 17
27694 38516 12
24827 23572 13
16724 24552 2
374 11244 2
13652 9666 12
10542 33477 8
37207 4987 8
30472 14461 17
28742 35425 12
34546 28177 17
34720 10460 12
37456 11323 12
38832 21400 12
16317 15492 12
18576 18228 17
12430 8699 12
28223 9970 17
28952 21688 12
15974 24456 8
18568 26253 12
38713 22280 8
32516 37637 12
25118 19506 17
37441 17309 17
19888 16925 12
38516 27694 17
36733 20613 12
37676 29912 8
7738 3405 17
33310 13227 8
9613 27309 12
22005 7955 12
32203 29048 8
3586 39410 8
28419 33282 12
30815 16466 8
27006 39863 0
32059 19647 8
15113 16836 8
17553 20380 17
17956 19724 8
32244 27051 6
33757 14683 12
32343 9288 8
3493 35693 8
32610 18404 12
2685 32242 8
37095 33612 17
4611 31391 12
21903 35717 8
29426 7005 17
19430 9386 8
9810 594 17
3292 19020 17
21960 9867 7
1239 6723 8
29097 8017 13
15114 9430 8
23125 11776 17
34140 37207 17
9651 28544 12
40922 32569 15
23924 28132 12
5344 3697 17
38074 14834 17
29840 15330 12
32950 36218 17
28177 34546 12
25609 7137 8
17221 6714 12
34151 11372 15
22420 28823 8
26723 15058 8
29499 801 8
32223 12908 17
31569 18204 8
35339 31635 8
27526 27820 8
24216 22378 17
11760 27603 12
11879 11281 8
40674 38842 12
35381 6162 8
33271 32780 8
4406 35194 8
36011 34447 12
8075 890 12
27791 39441 8
4442 17290 8
11488 22420 8
29576 148 17
18441 27633 17
14058 24552 2
14880 38060 12
34558 15001 8
8246 40573 8
23655 9809 0
25348 18463 12
8067 24588 15
18235 13459 1
37885 10250 17
11273 32742 12
24552 18774 14
34769 22564 17
38338 36925 17
24383 22005 17
13578 17792 12
20326 4265 17
24761 24255 6
494 27549 8
10674 5809 12
3239 1847 0
11244 12843 14
11244 3164 14
25943 11371 6
12843 11244 2
39386 25076 10
16983 40390 17
26390 40656 8
40547 9110 8
24795 5422 12
502 21658 8
19335 6846 8
36167 14343 17
35661 40699 17
3851 40338 17
11244 17714 14
38 23371 7
29241 14738 12
24947 19440 12
8077 2369 15
35803 6657 17
40686 20519 8
17272 21376 7
13496 39386 17
17503 38499 8
9786 27498 17
35337 38147 12
32712 22492 12
26125 37644 8
28813 11025 8
21090 28852 17
116 9714 12
23071 27849 17
1411 10327 8
20511 36009 17
12261 11676 8
11970 40443 17
11244 4066 14
40259 40463 17
29957 24588 15
40501 25348 17
31796 39041 8
4157 7640 8
24841 7061 15
7617 35156 12
1556 16492 8
26679 29614 1
34710 5625 17
22005 26593 12
26744 3304 17
22005 27611 8
11888 11875 7
27603 11760 17
5591 13652 17
39399 10863 8
1167 11844 12
31555 33612 17
6238 2335 13
40344 11776 12
24846 10721 12
22005 11015 12
31893 8889 12
12733 7048 17
3561 13531 13
40674 2611 17
6147 25249 8
17275 9870 8
23995 32533 17
38451 24541 8
20877 37539 12
31801 38033 8
28189 17884 8
8258 13517 15
39723 9826 17
11844 1167 17
14088 20469 12
40357 18665 12
11281 11879 8
21773 31635 17
2271 36620 12
35942 39248 12
14406 37936 17
26355 22022 17
12841 6822 8
16392 26067 8
1330 7326 17
35891 28936 12
15545 28706 12
16377 22005 17
1167 10909 12
1193 26851 17
35211 17097 17
29123 20400 8
40708 19786 8
10674 259 12
19911 17309 17
36388 9379 8
25249 16164 8
36609 36057 8
8010 36925 17
14306 11671 17
26404 7503 12
16348 20041 17
1792 1604 8
22380 39190 8
16836 15113 8
27633 33655 17
1637 24469 12
27216 19665 17
412 10018 8
24588 26178 0
11244 4337 14
14842 16532 8
21495 36011 17
20784 13444 17
21571 27843 8
36151 7269 8
26550 32111 8
21658 502 8
36757 15670 17
20220 19179 12
1691 16884 12
33014 10320 8
32457 6565 12
17920 34144 8
22912 20257 17
28083 32790 8
38699 11244 2
17309 38484 12
17620 40248 17
25627 33218 8
3697 5344 12
10059 6337 12
7496 20836 8
7140 3395 8
32457 28478 12
30974 13675 8
33997 6532 17
36636 26802 17
3908 22005 17
16737 1604 8
18858 4087 8
39195 36452 8
12952 29292 7
14778 11776 17
33644 5770 12
31104 10552 8
35902 28517 17
18051 18621 0
28527 18445 8
39076 28370 13
26802 31149 12
22005 2657 12
32727 20018 12
1604 1792 8
38152 14834 17
23462 6924 17
24469 1637 17
15748 5147 12
19905 9358 17
28184 38101 17
11244 33250 14
4382 38797 17
33612 29687 12
4265 20326 12
24137 22420 8
18338 33917 12
30465 37404 17
31483 33970 12
33291 35810 8
1239 5503 8
33152 37765 8
1691 7203 12
24456 15974 8
3039 17548 17
12578 30494 8
40699 27625 12
20874 33138 12
18908 22005 17
26556 582 17
21999 11776 17
12537 22005 17
18204 1412 12
32628 4556 8
23445 19559 13
37546 11244 2
7617 21153 12
3893 24302 8
10200 30601 13
24740 1392 13
19361 31609 17
2991 9065 17
24020 2959 11
39077 36233 8
34782 1637 17
40443 11970 12
7217 3677 17
17301 20437 17
19872 24588 15
27786 31967 8
38212 33644 17
7640 16019 12
10385 20675 8
34223 22005 17
148 29576 12
22499 26940 17
23184 37265 8
25502 17272 12
32790 28083 8
35381 5890 12
31269 22189 12
21904 25293 12
31402 6328 12
37168 22595 12
28011 30142 12
8132 19069 12
4499 22005 17
17641 33655 17
23520 14406 17
34777 14818 8
15020 27799 8
6255 16072 8
37207 13802 8
39399 40259 8
34777 39455 12
14461 39778 8
4265 26845 12
28382 15878 17
34034 4017 8
8692 18364 17
11389 15629 12
20882 12955 8
18534 17309 17
17962 2537 8
36116 38046 12
17470 23335 0
19197 18463 17
37787 116 17
12324 19305 12
15682 15280 17
15058 26723 8
24562 32762 8
29315 19025 17
19506 17496 12
29550 36066 8
40626 54 14
6723 1239 8
40674 36644 12
29166 6361 8
28852 40069 12
28189 6040 17
4565 1637 17
9976 20125 8
24795 36823 13
17778 33842 1
17521 16164 8
31483 12066 12
33439 38418 17
5507 4361 8
26276 30581 8
89 32384 17
2952 29589 17
39333 29402 17
12502 3304 17
34636 19506 17
31122 12220 8
19307 6159 12
8310 24929 0
10147 19485 17
1320 32015 17
14406 28751 12
9614 21977 12
19164 5349 8
18098 23655 15
440 19421 8
6130 33079 12
36952 7747 8
40697 32015 17
36823 24795 17
32698 38887 12
12098 11377 13
18157 20228 17
32457 39959 12
1167 2932 12
34269 33390 6
37200 626 12
25432 9019 17
591 5506 17
30581 26276 8
11421 5061 7
14489 16084 8
1843 31451 17
23080 23481 12
40769 15674 12
2902 2338 8
13227 33310 8
18074 33746 12
31451 1843 12
1167 31516 12
22005 4499 12
35688 33612 17
39503 2564 8
7941 2719 8
9011 17175 12
18616 24899 12
25780 22005 17
40779 28952 8
11637 1092 8
18204 22021 17
24827 4283 13
33218 17965 8
28125 14800 8
24627 40307 8
9613 11256 12
13450 4382 17
11710 7642 8
19665 27216 12
30368 2114 17
27230 32244 12
36653 1167 17
40224 12578 8
21598 6511 8
3706 22005 17
31635 28177 17
36925 11888 8
21969 22433 17
27635 30311 17
22005 10359 12
36943 19060 17
30675 34410 8
22154 11305 8
2109 39706 8
1683 25151 15
14255 35699 8
30435 6739 8
11244 3506 14
20228 18157 12
3677 18111 12
22492 32712 17
18463 19197 12
30311 36549 8
19506 34636 12
20824 14777 8
36452 39195 8
3677 18117 12
8626 40470 8
12773 25184 12
8351 27773 12
24840 172 8
5077 11075 17
17714 11244 2
35339 10962 8
13996 37686 8
13946 7642 12
16214 2611 17
29554 11366 17
39311 9301 17
35194 4406 8
24788 933 12
22021 18204 12
29402 30616 12
40760 11244 2
4363 22005 17
18404 32610 17
26795 35624 8
16925 19888 17
18853 1167 17
23645 40430 8
21506 17005 8
39345 35890 12
3360 7614 8
37237 40443 17
14461 30472 12
19735 18792 15
14629 31021 12
18616 7727 12
22005 24383 12
8324 15593 8
35624 26795 8
15010 36053 8
11549 30062 8
22871 10465 17
22242 18318 17
31875 32133 8
8426 9888 12
572 6327 12
16221 2948 0
10674 17309 17
18231 10432 12
21830 20041 17
25853 25029 15
17572 18816 8
26404 22005 17
32977 29618 17
6745 24588 15
30409 1167 17
31635 27696 12
36620 2271 17
5352 32702 17
4353 33098 8
38751 35419 8
8636 33612 17
37878 36066 12
39312 31358 8
9305 13596 15
13652 29474 12
19249 15317 17
22251 32622 13
3118 9891 12
40468 15649 12
37265 36182 13
20613 36733 17
18484 12311 17
30665 15910 8
10432 22068 8
5169 18633 15
3991 16110 12
40699 35661 12
29889 28052 8
15964 38006 8
39386 13496 12
39248 35942 17
25257 21562 17
31402 7495 8
1320 16107 12
1167 9507 12
7048 2092 12
14818 34777 8
39921 31269 17
24899 18616 17
15670 36757 12
40281 17309 17
31893 38839 12
3046 35886 8
33655 27633 12
20178 34876 13
15826 32098 8
14681 17005 17
38195 38780 8
9226 17787 8
16905 1128 8
13652 27504 13
25364 33905 17
11975 9698 8
4797 29241 17
24034 34379 8
12473 28455 8
17131 34257 8
38491 14406 17
3891 22356 8
9471 31813 17
38542 33768 12
36952 15813 12
38690 2049 8
29049 21199 12
34710 33889 12
36735 40779 17
23073 25740 12
34304 24788 8
23150 6297 8
11244 11380 14
30311 27635 12
32858 23655 15
32504 25903 8
13675 30974 8
11244 26169 14
19421 440 8
15593 36575 12
27820 39321 7
15569 26257 8
32533 7640 17
25283 20274 17
