2747 26616 8
14438 7202 8
29705 27144 12
27144 29705 17
22872 18667 8
38387 1379 12
17960 36528 12
36528 17960 17
18521 17377 12
40040 25196 0
34873 14417 15
12283 26871 17
24039 15234 4
16928 16029 8
33519 15509 17
13313 27706 8
34648 27401 12
36646 17805 17
24039 2437 4
7202 14438 8
9849 27063 3
31462 39637 8
24039 31346 4
21836 8880 12
22044 39237 9
18667 22872 8
25781 2071 17
16029 16928 8
14379 5469 17
33004 21972 17
24039 27067 4
63 24143 12
36528 38841 16
35710 4113 3
14394 17661 2
8880 21836 17
40618 21836 17
39660 14417 15
26379 5282 12
20806 37029 13
40597 20904 8
21978 33949 17
3994 11197 7
2875 26263 9
9992 24039 3
2437 24039 3
38312 33129 8
3223 21806 6
4113 35710 4
27706 13313 8
6009 40419 17
5070 32029 17
17377 18521 17
14874 35466 3
9349 26995 8
33873 39637 0
37477 19975 17
38687 29828 12
14305 20779 8
18557 17377 5
36303 2549 12
17805 36646 12
14417 34873 0
17544 2071 17
27063 9849 4
30015 17661 3
26263 30888 17
24039 5977 4
14305 6186 8
32842 15230 8
35466 9352 4
18185 194 16
25715 3806 0
14358 29890 17
32029 5070 12
8061 33701 12
7535 36285 0
17661 20172 4
7032 17661 2
27114 14077 17
28613 12479 17
835 21215 12
8852 12283 5
6506 14609 17
8207 13926 12
32327 9492 17
33025 23016 14
36999 24056 17
17661 30015 4
1379 38387 17
7249 10932 3
24039 9992 4
22197 11315 8
25542 6996 8
35687 39056 8
5977 24039 3
35466 14874 4
11324 14690 17
12479 28613 12
32777 24039 3
9656 18185 12
17377 18557 16
37029 21896 13
22524 37436 8
9352 35466 3
16848 38080 12
25011 25883 8
21908 7779 12
24056 10680 12
17661 40586 4
21806 3223 1
10932 7249 4
19897 12148 17
9213 40427 17
37293 21908 8
32029 27068 8
25883 25011 8
194 18185 5
30892 37638 8
21908 37293 8
2071 25781 12
13926 8207 17
37436 22524 8
5282 26379 17
15234 24039 3
30483 18667 12
7779 21908 17
10680 24056 17
39237 22044 10
15230 32842 8
19975 37477 12
26263 2875 10
3530 7116 12
24794 25910 17
33701 8061 17
36016 10829 12
13687 7535 15
27068 32029 8
32842 33982 8
4823 10389 14
33004 261 8
39448 7852 12
29792 31403 17
5438 21972 17
26995 9349 8
17661 11839 4
26616 2747 8
5316 30959 12
21972 25011 12
261 33004 8
17912 11079 12
14690 11324 12
33129 38312 8
32627 13285 12
39056 35687 8
28154 35190 8
19737 449 8
2498 3806 0
9878 36074 12
18667 30483 17
35221 27069 15
31346 24039 3
27273 8433 17
16632 3825 17
23327 17661 3
17661 1738 4
35073 35466 3
15509 33519 12
1738 17661 3
23016 33025 2
23758 21908 1
16183 33049 17
27069 21972 8
10389 4823 2
20779 14305 8
3806 25715 15
11197 3994 7
14609 6506 12
21972 33004 12
353 39751 8
39637 33873 15
12283 8852 16
30888 26263 12
11839 17661 3
39066 29705 17
5469 14379 12
13285 32627 17
27401 34648 17
21908 23758 6
29828 38687 17
14417 39660 0
7116 3530 17
25196 40040 15
5720 26263 17
687 2847 17
11315 22197 8
7535 13687 0
20172 17661 3
14077 27114 12
2071 17544 12
36285 7535 15
35190 28154 8
9492 32327 12
38354 14417 15
21836 40618 12
8433 27273 12
8975 17661 3
25011 21972 17
20904 40597 8
27067 24039 3
38080 16848 17
33982 32842 8
38841 36528 5
29705 39066 12
21972 29462 12
29462 21972 17
11079 17912 17
26871 12283 12
2129 31723 1
21215 835 17
18185 9656 17
2549 36303 17
7852 39448 17
35466 35073 4
2847 687 12
5820 28000 17
3806 2498 15
28000 5820 12
17661 7032 14
24143 63 17
21972 5438 12
2788 22031 8
24883 8274 12
31723 2129 6
17661 14394 14
40586 17661 3
36074 9878 17
8274 24883 17
17661 8975 4
6186 14305 8
10829 36016 17
3825 16632 12
449 19737 8
6814 3314 0
27069 35221 0
