26472 9019 8
22785 4543 17
29953 7155 8
40675 21689 1
18337 18028 12
34872 6106 13
36142 20009 12
4267 24020 8
29007 37064 8
27068 1978 17
9781 40386 8
19737 35105 8
30448 19421 17
23863 36541 17
22111 18782 8
35018 19689 12
4302 29536 0
33616 16523 15
29846 30318 17
36142 22652 12
16523 18096 8
32703 19318 8
8975 17838 8
27692 38592 8
18502 1568 8
36540 38904 11
22785 694 1
28852 19847 12
24552 1650 14
30090 16592 8
3230 23923 17
14417 8152 0
40537 30214 8
17799 3730 13
1556 36693 12
8973 27253 12
32610 26123 8
14417 11677 0
17838 8975 8
7183 4543 1
8152 3530 17
2886 39288 12
38060 3067 12
7288 36279 15
14417 20598 0
15000 14417 15
28594 8973 17
12483 38703 17
16815 778 8
38935 1167 17
8260 8709 17
8709 8260 12
31402 33791 12
5654 11277 15
2071 8709 8
1486 26472 7
31809 29157 12
15483 36142 17
9700 33268 8
9678 8973 17
34325 36142 17
7766 19199 8
36142 3530 17
24020 4273 13
38342 19399 12
11664 19072 8
33516 8049 16
22140 1637 17
37064 29007 8
17147 1246 8
16418 15515 12
29792 28257 8
40456 2071 8
39288 2886 17
24691 25005 8
10856 5244 8
37511 1483 8
28896 7275 12
17309 3825 12
22526 12387 17
31373 13366 8
37064 40456 12
40920 23670 17
38788 22089 16
1637 22140 12
27068 27166 7
38113 28101 17
694 22785 6
31269 28164 12
37064 1167 12
13100 37311 8
36142 15725 12
6552 18739 12
16523 33616 0
1725 23357 8
38904 36540 11
32617 22208 16
3994 37011 8
14638 40048 1
33791 31402 17
3717 14417 15
40056 2071 17
35105 19737 8
37311 13100 8
5557 2341 8
27166 27068 7
20009 36142 17
760 14417 15
22289 4543 12
11385 3530 17
28164 31269 17
38592 16523 15
24900 31658 8
29166 34972 12
19072 11664 8
17658 16350 12
23198 21236 8
10103 16350 8
9101 1400 8
23234 10351 13
2071 40451 12
33004 10327 8
38703 12483 12
19421 30448 12
2071 3643 12
3530 11385 12
778 16815 8
5563 7675 12
11773 1167 17
39056 8017 12
17276 27069 15
16350 28194 8
28014 451 17
10829 243 6
20534 37064 15
33129 32736 12
40419 22289 1
32327 18635 12
1246 17147 8
26794 10351 8
16874 18950 1
28039 4975 15
32516 27597 6
19858 40675 6
29552 13682 12
23670 40920 7
9019 26472 8
4273 24020 13
14074 36142 17
3643 2071 17
3825 17309 17
3031 9980 12
27597 32516 1
38168 1738 12
451 28014 12
1400 9101 8
21136 6963 17
25341 5968 8
8049 33516 5
14181 33004 8
8608 24020 13
30214 40537 8
2071 26099 12
7975 37054 0
3499 23091 17
18405 38811 17
40385 2934 12
11076 23357 8
2607 9781 8
10770 33384 12
40675 19858 1
18028 18337 17
2341 14512 17
40456 37064 17
6524 20214 15
16350 10103 8
13992 10059 8
32870 15980 17
40537 12577 8
1230 33217 11
3530 3677 17
14825 27069 17
21236 23198 8
13682 29552 17
26099 2071 17
37567 18928 11
19689 35018 17
2071 13195 12
33817 17720 17
7275 28896 17
28307 25386 11
34972 29396 13
2214 18285 12
12577 40537 8
21979 36182 17
1483 37511 8
22061 1725 8
38811 18405 12
32569 37311 0
37054 7975 15
6963 21136 12
20214 6524 0
12148 19337 0
1978 27068 12
26472 1486 7
27179 19886 8
33384 10770 17
18928 37567 11
20786 23670 17
3730 17799 13
1650 24552 2
4543 22289 17
31121 36540 8
11277 5654 0
3677 3530 12
8144 25309 8
36279 7288 0
35223 14327 12
27069 14825 12
1968 36197 17
40271 3994 12
3530 2976 12
30318 29846 12
8973 9678 12
15980 32870 12
36693 1556 17
40451 2071 17
19224 8447 17
16350 17658 17
29474 1446 12
4183 35900 2
23357 11076 8
36142 26472 8
10351 26794 8
13235 38455 12
14417 21676 0
26913 837 12
13992 17176 8
6524 27069 15
11076 22061 8
4268 31358 8
12148 16285 0
32736 33129 17
23923 3230 12
1167 11773 12
22524 25346 12
1568 18502 8
13812 27418 15
25346 22524 17
38038 5967 17
31402 27648 12
19337 12148 15
25586 22289 12
2071 40056 12
40920 23670 7
19199 7766 8
33985 11217 12
16592 30090 8
20598 14417 15
1738 38168 17
5885 21936 17
33217 1230 11
1871 15320 8
18364 5039 12
37311 32569 15
31358 4268 8
4543 7183 6
7675 5563 17
33004 14181 8
27253 8973 17
7155 29953 8
22089 38788 5
29946 40483 12
22289 25586 17
11692 9098 17
25005 24691 8
3994 40271 17
14530 12049 15
8975 24552 2
1446 29474 17
5968 25341 8
10059 13992 8
837 26913 17
28101 38113 12
24020 4267 8
20847 15174 17
27487 22089 5
18739 6552 17
26472 24585 12
2341 5557 8
39637 15648 11
8017 39056 17
38357 26549 6
26472 36142 8
37064 20534 0
23670 40920 12
8873 25392 17
4975 28039 0
22208 32617 5
12920 13500 7
27069 25536 12
25392 8873 12
22174 1968 8
35093 23363 12
15320 1871 8
28194 16350 8
1703 22089 12
19318 32703 8
8447 19224 12
14327 35223 17
23357 1725 8
15568 9246 8
22869 33453 17
40483 29946 17
36197 1968 12
33268 9700 8
10346 23315 17
27418 13812 0
15515 16418 17
36142 34325 12
38455 13235 17
243 10829 1
16540 3456 8
15648 39637 11
2071 33522 12
9980 3031 17
1775 9956 12
3530 8152 12
25386 28307 11
19399 38342 17
5244 10856 8
1167 37064 17
16523 38592 0
23363 35093 17
24582 27069 15
14417 15000 0
1167 39440 12
36142 14417 15
14417 36142 0
26123 32610 8
29536 4302 15
13366 31373 8
36414 13797 12
22652 36142 17
1167 38935 12
36142 15483 12
36182 21979 12
26725 8981 6
35900 4183 14
33453 22869 12
2071 32271 12
40048 14638 6
5719 25698 12
18782 22111 8
13797 36414 17
1968 22174 8
5039 18364 17
18635 32327 17
34417 14417 15
2976 3530 17
8973 28594 12
22089 1703 17
25536 27069 17
38342 36179 12
3067 38060 17
17176 13992 8
36179 38342 17
22089 27487 16
15725 36142 17
3530 36142 12
33522 2071 17
8709 2071 8
29186 24357 8
14417 3717 0
25309 8144 8
9098 11692 12
36540 31121 8
10351 23234 13
2071 40456 8
24552 8975 14
21689 40675 6
28257 29792 8
15174 20847 12
11217 33985 17
31919 3737 17
3456 16540 8
17720 33817 12
14417 760 0
10327 33004 8
36541 23863 12
