22876 8 12
4265 34101 12
16632 22987 8
3711 6219 0
9412 1020 12
26344 7228 17
20053 14381 12
10505 16164 12
27278 13262 17
1167 30888 12
39931 26192 8
594 13814 12
33157 14629 17
23117 24839 17
35923 38751 12
11688 3711 15
4265 19809 12
3791 37086 12
316 29976 17
2154 15531 17
35911 39952 8
33031 15966 12
32808 33850 17
38414 29925 12
40344 34981 12
27983 37339 8
7323 10059 17
2103 14954 12
37095 36180 12
3711 7700 0
22832 20569 17
21506 3711 15
36446 28638 17
3958 40803 0
40040 5848 0
8727 12490 12
30047 29199 12
10151 35391 12
9658 3711 15
16334 27342 12
29976 316 12
37097 38558 17
31680 33873 15
14668 9171 12
14629 33157 12
37652 37672 17
28454 20918 8
25860 120 0
14468 33380 17
24555 5316 8
38342 6216 12
38712 28452 12
7001 19036 8
26902 11932 8
24729 9606 17
36904 30 12
23082 32956 17
252 10656 17
28350 25296 8
10159 37261 8
24394 11739 8
27559 40379 0
5374 11250 17
4939 35071 17
16589 6904 8
15545 22468 12
37950 9399 17
15972 29271 17
12944 7535 15
10212 38047 17
39365 25379 12
18866 36043 8
10004 3056 17
12988 28176 17
11426 20660 15
11974 8636 0
38212 24972 12
15945 21972 17
13461 7535 8
29124 28678 17
20501 24346 8
23982 30849 8
34723 28969 12
27006 14610 17
27748 1368 12
9035 20253 8
36833 10444 8
38366 21855 17
16805 17661 3
32024 1167 17
26616 16483 8
26872 9111 12
9387 23362 12
25886 38342 17
35245 5307 17
26706 39191 8
26192 21873 17
23198 31134 8
38341 967 17
28911 25985 17
33371 32720 12
1167 28155 12
32956 23082 12
40626 26629 14
1832 35185 12
4028 28968 12
4823 16538 14
37927 19599 17
26674 32964 8
10080 10257 8
22021 31277 12
10420 8700 8
10656 252 12
16887 31735 17
2015 1167 17
31451 39832 12
18891 2095 13
33307 1870 17
40463 13408 12
34518 34507 6
10113 6167 12
15028 34997 12
26563 40468 17
35923 5498 12
3711 3506 0
13044 19275 12
32569 4284 0
23591 35481 8
20422 18425 12
26616 11588 12
11120 9909 8
3302 37810 8
31009 36258 8
40626 36688 0
37805 24729 17
8573 36721 17
35498 20161 17
28979 17645 8
32554 29550 8
34781 6 12
18338 3959 12
33513 6790 8
23749 22115 17
9189 32282 17
10851 38338 17
16342 35960 12
32343 4112 17
39243 32641 17
3036 27967 8
5315 27559 15
14295 3632 12
6216 38342 17
18746 34148 8
28916 33025 12
1167 10747 12
35080 14293 17
15882 13044 12
8355 22288 8
11645 24058 17
6009 11151 5
37168 6345 12
13183 34468 12
20253 39723 17
38342 5969 12
14777 16427 8
5097 24590 8
26941 23061 8
39141 11555 9
10059 3519 8
25753 34023 17
15074 35224 10
27006 16225 0
9606 369 8
12882 31461 8
38342 32432 12
20379 8328 17
38433 1110 7
863 9148 8
25835 26309 17
34411 28173 17
29415 1978 17
3711 15494 0
7198 32569 15
18088 21777 12
12921 21276 8
1610 24346 12
22371 16530 13
19960 40621 17
27613 33087 17
16203 20343 12
9399 37950 12
31451 29793 12
15534 35900 2
3658 17661 3
17661 34368 4
2279 14770 8
37830 11555 12
10998 20715 12
14603 34116 12
24347 14085 12
15558 23678 0
3677 5175 12
39319 9358 17
5393 17661 3
24004 21109 12
4300 23003 12
29415 11730 8
38751 35923 17
8221 3632 17
7232 8276 8
8899 3645 3
29669 37404 17
18857 20056 12
31615 40813 8
13754 35112 17
29162 2330 12
8781 40040 15
16775 37401 9
10755 29820 12
22357 12882 12
1978 26368 12
23324 35721 8
11076 31062 12
13288 20621 12
28821 28849 17
12509 19152 12
29472 26192 17
5884 38766 17
19985 19155 17
9412 1167 17
40818 10309 8
31277 22021 17
11870 40295 12
12400 26003 17
31171 8927 10
24491 23222 12
21129 19464 8
38095 35252 12
31042 15272 12
3786 30662 12
3111 12214 10
13580 37498 8
14610 38689 12
2867 16144 12
10309 10920 13
30839 8100 17
38010 3711 15
2553 30531 8
1267 12853 17
21824 19652 17
25064 20561 17
16483 26616 8
20935 17661 3
10830 26274 17
2961 3493 12
6801 40420 8
38846 15380 12
40693 30208 17
25889 15957 8
18471 295 17
15545 14855 12
31089 31451 17
29173 13386 17
38154 17665 12
39832 31451 17
9898 15495 17
4988 24347 17
3711 10246 0
24729 37204 12
2105 31825 17
30208 40693 12
34223 9265 8
4531 18742 12
25479 10159 17
38566 17085 10
19715 38832 17
9492 38703 12
37822 20569 8
33087 27613 12
26796 28531 12
36009 27270 8
18274 39602 12
29675 20880 10
12715 26421 12
8780 32766 8
1978 5469 12
31415 3817 8
11894 16657 12
1110 28781 8
31459 11090 12
37933 26003 8
20053 21963 17
33339 38930 1
39981 10265 12
12277 32753 17
25361 4265 17
6595 38890 8
16343 20491 8
6339 8627 17
9624 6801 17
26368 1978 17
31557 29243 8
14998 34995 17
32432 38342 17
29790 19152 8
34604 5288 16
5859 11943 8
4740 12130 17
30723 32569 15
24735 8730 13
1167 21512 12
26697 25396 12
40699 31534 12
6417 4041 12
32091 31856 12
24056 7747 8
35210 31358 17
26192 3075 8
13321 10309 17
3681 26796 17
14381 20053 17
9909 11120 8
14868 25629 12
1167 2513 12
3632 8221 12
22288 15467 8
25985 28911 12
15224 1167 17
21963 4966 12
26629 1167 17
1167 8575 12
9558 39798 12
13339 29159 8
845 28533 12
10266 36432 4
17268 37830 17
25396 26697 17
28167 33025 17
12428 32457 17
32459 16610 12
5515 40699 17
36043 18866 8
5203 4180 12
23244 28003 8
13002 16203 9
10548 14491 8
9358 20206 12
14603 15637 0
32082 28082 8
13547 5540 17
11992 11894 17
21836 5538 12
3337 903 13
24891 8732 12
32184 24306 12
16538 4823 2
19414 11974 15
1183 16611 17
13258 4823 17
17270 25110 8
5630 21173 12
28052 18596 12
2543 29271 17
8588 37830 17
32078 14161 17
39733 5198 8
34981 40344 17
9023 3417 12
4388 6052 15
29271 2517 12
4300 8897 8
5827 17312 8
25644 17661 3
32569 21836 17
24425 30614 8
11641 38063 8
40073 20648 8
35656 30244 8
9368 15325 12
25706 39479 17
641 40385 17
4725 17786 8
34062 10588 9
21836 34394 12
12962 1793 8
2867 26894 12
21972 1685 12
33236 34003 17
35677 24683 17
40161 25643 17
16384 9358 17
243 35923 17
17059 17661 3
20385 23034 12
10755 27006 8
2264 29306 12
8462 1167 17
30293 26399 8
6702 1080 13
13262 27278 12
30662 3786 17
10059 38406 12
184 3632 17
7154 36886 12
14868 17604 12
24939 14921 17
33391 17661 3
18162 33862 12
8100 30839 12
38412 3632 8
38356 13445 12
13386 6897 12
36309 26274 17
40936 40322 8
39012 1167 17
27719 4874 17
38460 39551 17
24039 36465 4
39771 25744 12
9942 35923 17
2273 31461 8
7482 21710 17
24039 9059 4
38930 33339 6
33025 40873 14
40699 23489 12
1167 33577 12
19037 240 8
29162 5631 8
9609 25407 17
11612 35942 17
8177 13938 8
7045 32361 8
31042 37871 17
7507 31461 8
6299 12968 12
26817 4265 17
30668 24560 12
17269 3848 12
28671 2514 12
31599 19726 17
1496 11186 0
18318 6241 12
33478 12922 12
38307 5457 8
25074 23039 8
10465 4039 16
33250 893 12
23510 28235 8
17514 1167 17
28635 13807 8
17157 32625 8
38601 27598 12
6888 28218 8
25303 20268 15
33025 28916 17
26697 10059 8
19278 443 17
31938 20569 8
15357 33420 10
2636 32569 15
35923 9942 12
10444 36833 8
32569 6536 0
14381 38060 8
33170 27862 8
37852 24552 2
17556 19232 12
4340 36363 17
19144 10795 12
21512 24470 8
36009 1211 8
16935 38689 17
7045 39854 8
12947 206 17
9071 40801 17
21089 39781 8
4921 23760 12
3113 13262 17
24530 38162 8
20257 27637 12
23227 39976 8
4048 15495 17
27862 33170 8
14673 9767 12
1167 8448 12
16611 1183 12
7711 21836 17
9406 26796 17
19194 25661 8
30531 2553 8
13408 40463 17
33873 40604 0
23689 7614 17
1996 38525 8
12922 33478 17
11358 36077 17
27270 36009 8
34055 33380 17
23260 38060 8
20745 17096 12
1167 27540 12
6731 24552 2
36587 3568 17
19155 35470 13
19456 26796 17
8897 4300 8
39468 8355 17
4147 29675 9
27297 28485 12
9287 21340 8
24039 38623 4
31358 35146 12
37449 36545 12
35625 24552 2
12383 23746 17
8627 28453 8
21972 6904 13
17661 19122 4
5097 14472 12
18761 8569 8
9970 26986 12
6241 40825 0
34562 27985 8
26201 32359 12
33569 21123 17
27790 39004 7
24306 7286 15
25479 10044 8
8348 20891 17
4874 13918 8
1167 26629 12
169 1167 17
39232 15357 9
24865 11218 8
16610 32459 17
26733 29107 17
27741 32599 12
4112 32343 12
12211 28638 17
20311 12283 8
18746 10644 12
1826 27619 17
37579 703 8
35985 28453 8
26707 3711 15
35201 31472 12
17844 5587 17
26629 22301 12
32599 27741 17
1167 13035 12
23872 26025 12
1386 36009 8
10044 40225 8
16607 33949 17
19155 19985 12
26421 12715 17
14668 4908 12
30689 33750 17
30437 40239 17
32569 39580 0
34003 33236 12
9358 40045 12
524 35604 12
17661 11809 4
9475 29946 17
14687 36406 8
1427 21230 17
19726 31599 12
29271 34184 17
6489 19152 8
295 40344 17
12496 9960 8
14668 24471 12
11250 12515 12
17661 11492 4
26577 31358 17
4635 19233 12
8731 3791 17
30047 20745 17
29675 7641 12
36688 40626 15
21665 20542 8
36506 3405 8
24965 38342 17
4265 25361 12
5457 14633 8
6299 28611 12
27342 13160 12
23872 28671 12
13556 39982 17
37569 21934 12
9886 15083 17
39598 6241 15
36465 24039 3
33025 23963 8
9946 18935 8
36863 12490 8
13331 39839 8
35677 13683 12
34675 1167 17
11322 25661 17
23468 5587 17
1691 22746 12
32946 11943 17
16164 10505 17
8311 27827 8
16220 39448 17
33713 21162 17
5316 9821 12
35224 15074 9
1167 35867 12
3865 206 17
6730 18917 12
10214 20918 8
9358 16384 12
7408 16322 17
29907 32569 15
24121 7350 8
14868 19851 12
38073 26089 8
32361 14668 8
12882 22357 17
26985 8725 12
29735 19507 17
15637 14603 15
21230 22098 12
21225 1499 8
9986 3908 8
34494 5791 12
16343 11561 12
10341 34810 8
38592 17558 8
34023 25753 12
10089 29162 17
215 31718 13
24039 25417 4
32488 10710 8
14978 40459 17
9265 35356 8
22601 23315 17
40341 8517 8
3711 14536 0
33025 19017 14
33420 15357 9
30874 26765 12
28725 31910 17
40088 16398 8
11218 24865 8
24039 23681 4
40146 5904 9
26003 37933 8
32082 3647 12
19152 31432 8
695 11715 1
1214 15379 17
37339 27983 8
28611 20577 0
6345 22019 8
40379 27559 15
25860 25355 0
4006 23591 17
2330 29162 17
2139 32753 17
21823 33698 8
3677 16165 12
33380 34055 12
1679 6050 0
19726 38965 12
1167 1681 12
23076 8718 17
28276 39448 17
24013 24225 8
27716 33922 17
35611 4484 12
19262 40366 12
22671 29232 17
8755 16998 17
19985 20452 8
8053 1315 12
7350 24121 8
29946 9475 12
1167 38425 12
14293 35080 12
24840 19867 12
22938 5772 8
18497 11816 12
18563 4011 8
28453 35985 8
27741 20844 12
11221 34602 8
36096 23701 8
8721 10602 8
15284 4561 17
29031 37463 0
27985 17694 7
7653 479 17
25857 30839 8
36503 3711 15
20434 1167 17
17588 21233 12
26632 1978 17
11363 32326 5
38525 20446 8
18279 28904 17
1368 37352 8
32674 33313 15
39127 31096 17
9475 27290 8
30782 6888 17
5519 25681 13
33225 17661 3
12435 25305 12
11031 39564 8
27201 20209 12
14893 31171 8
5969 38342 17
577 12101 12
14161 28551 12
22019 6345 8
7321 5436 17
34368 17661 3
3861 25320 8
38047 23872 12
12053 12585 12
17661 6375 4
6713 24795 17
34413 1109 8
32385 10074 12
29107 26733 12
15395 28194 17
38689 26791 0
17312 5827 8
29410 36100 17
40508 21665 8
1186 20569 12
11888 7245 12
9287 18895 12
21710 7482 12
30244 29390 0
14295 37915 12
3493 2961 17
32569 7198 0
40043 23858 17
37933 31152 8
23858 40043 12
24590 5097 8
8088 28129 17
4180 5203 17
35049 38986 17
27013 16998 17
29162 37936 17
19507 5378 17
14514 31027 8
19851 14868 17
39952 35911 8
7087 17202 8
4823 21825 14
38184 18296 8
5436 7321 12
35160 10114 8
33873 23866 0
32090 32634 17
21109 24004 17
20618 7893 12
17485 32719 12
35819 26616 17
23165 36942 8
27210 10116 12
36935 31940 8
31825 2105 12
31830 6770 12
8170 18278 12
2484 5779 5
38575 17099 8
13814 594 17
25006 28275 8
28340 23601 8
18560 13315 12
11816 18497 17
6790 1167 17
28611 6299 17
22758 39481 8
32569 36242 0
14034 11888 17
17309 38680 12
9773 17661 3
19979 20451 12
27473 21458 12
26192 29472 12
25417 24039 3
17661 33225 4
19049 15853 17
29199 19774 12
33223 33154 12
22268 23315 17
7363 34853 12
6971 37783 8
4484 35611 17
28885 29977 8
33453 964 12
23720 40573 8
9049 37948 12
31740 29976 17
30238 20569 17
2517 29271 17
26672 16605 12
27698 40699 17
10795 19144 17
21048 27619 17
33922 27716 12
17665 38154 17
12882 32569 8
28638 36446 12
27100 30065 12
19275 13044 17
25198 5265 10
37810 3302 8
25828 32569 15
37801 28631 8
26248 20542 13
7747 24056 8
40445 15545 17
6241 18318 17
39528 27006 17
34453 9270 17
20380 33478 17
29390 30244 15
1211 36009 8
27006 38512 0
18917 39834 6
15721 26003 12
19712 27413 17
38338 13980 12
20542 21665 8
30797 13242 17
20689 3472 9
40480 3383 17
3075 26192 8
30583 30675 12
10656 17561 17
30668 25790 12
31461 12882 8
23760 4921 17
22110 25808 8
37614 17309 17
27270 27619 17
24668 3363 12
28678 26107 8
28049 36721 17
26809 22445 12
38999 30576 8
34562 4197 8
26894 2867 17
8724 594 17
23034 20385 17
20973 8609 8
27598 38601 17
38703 9492 17
17661 11923 4
15772 4474 12
36188 32569 15
3632 13275 12
33576 2612 12
7087 40699 17
3405 36506 8
544 23162 8
8635 30057 17
10935 20236 17
9064 29149 12
29243 36860 12
36192 11836 17
22336 23801 8
14070 25655 12
6904 18288 8
28421 28176 17
29232 22671 12
22163 2353 17
39351 35677 8
11739 24394 8
38967 14563 17
39191 26706 8
17485 26827 12
5860 6237 8
22781 29473 12
37871 31042 12
24039 30116 4
2307 17661 3
4316 12269 12
36494 17661 3
16998 8755 12
17661 32767 4
23175 38368 8
3833 16815 8
27967 3036 8
1167 10329 12
21770 4265 17
13183 38460 17
6322 27619 17
5469 1978 17
9358 39319 12
3711 4332 0
7797 37093 17
6167 10113 17
11236 19698 17
15972 3852 12
31671 40593 8
2867 38191 8
34926 33390 12
35046 19860 17
31451 20205 12
39717 39163 12
33691 13240 12
16726 27208 17
3543 33438 12
3711 26707 0
38689 25949 0
3959 18338 17
38336 13846 17
31397 12283 13
17661 2307 4
20686 18375 8
19122 17661 3
40626 1150 14
12649 18091 4
28452 38712 17
25881 39621 12
8474 33507 12
19586 21230 8
1499 21225 8
7045 38526 12
38566 8727 17
36344 37483 12
10452 37120 12
38558 37097 12
15174 35923 17
10309 29070 13
1610 33576 12
37607 18172 8
8360 6094 8
3219 6401 12
10754 32956 17
30647 37504 12
703 37579 8
40819 6241 15
17844 25767 8
19599 37927 12
6799 34849 17
27461 8550 17
24408 27201 17
34413 8170 8
369 9606 8
12612 34810 8
30839 19651 12
36406 14687 8
15976 8170 8
20598 7116 17
36858 9543 17
39430 29662 12
11817 10154 8
29625 33025 2
25629 14868 17
38060 14381 8
8575 1167 17
37671 3952 12
17045 34192 12
23893 31450 17
23741 21965 17
11114 33576 8
37120 10452 17
11555 37830 17
18296 38184 8
13461 13106 17
3139 10476 9
29243 14802 8
7154 15912 12
10059 31401 8
4284 32569 15
28101 27748 12
15357 39232 10
28194 15395 12
7731 21836 17
21357 10309 17
21777 18088 17
3939 11974 15
18096 37830 17
31948 10862 8
11371 11697 1
1216 1633 17
8819 29335 17
18833 16342 17
26274 5587 12
40369 21823 17
37783 6971 8
1167 31854 12
27134 6888 12
577 21963 8
22708 26192 8
25172 4524 6
24224 11700 17
27270 20991 8
16991 24795 17
17176 26697 8
14603 6254 0
23591 24238 8
16611 21823 12
28155 1167 17
15091 10719 8
1844 35920 12
38460 13183 12
30057 8635 12
26670 2999 12
18274 26018 12
8170 21375 12
9385 23639 8
13044 39666 12
38060 23260 8
13938 8177 8
15982 35923 17
8725 26985 17
37093 7797 12
24795 6713 12
36069 7176 6
23917 34582 12
19017 33025 2
40459 14978 12
39985 29399 8
15976 17270 12
23591 4006 12
34810 12612 8
38680 17309 17
4474 15772 17
10167 14295 17
20569 22832 12
3149 33328 8
2103 30525 12
10044 25479 8
25407 9609 12
3711 9658 0
5662 14919 8
37911 40939 17
32331 32514 17
13980 38338 17
20569 2058 8
34997 15028 17
19418 28753 12
31371 38958 17
26697 11151 17
903 3337 13
33576 1610 17
16134 4388 12
8355 39468 12
38431 37697 8
26018 18274 17
4499 39656 12
38525 1996 8
11627 39446 12
5848 40040 15
12853 1267 12
29306 2264 17
20236 10935 12
6640 30857 0
16815 3833 8
2514 28671 17
28082 32082 8
40225 10044 8
20257 37417 0
14470 1167 17
25296 9400 8
12661 15772 12
20577 28611 15
4800 31258 8
4716 28216 7
30198 25860 15
24593 26734 12
22971 22334 12
4197 11855 8
11974 3642 0
1747 33025 2
1757 37911 17
22766 21123 17
39656 4499 17
31472 35201 17
30879 16790 17
23681 24039 3
20884 33328 17
36904 40699 17
24805 15318 0
4872 40443 17
20257 19490 12
29399 39985 8
28496 6777 8
17126 5337 17
15853 19049 12
15837 10741 7
2469 32569 15
34849 6799 12
36343 27635 17
852 37297 8
29739 531 12
11836 36192 12
36904 19418 12
2058 20569 8
6790 33513 8
2273 32569 15
32625 17157 8
18826 12833 12
4048 18850 12
25549 19155 17
25110 17270 8
14295 10167 12
4204 10529 17
24058 11645 12
2021 35999 8
38342 24965 12
4823 20857 8
27426 10862 8
26986 9970 17
28638 12211 12
40801 9071 12
39163 39717 17
27985 11855 8
27619 2603 12
29820 10755 17
28275 25006 8
17661 36494 4
34562 8906 8
2353 22163 12
33025 30663 14
40699 7087 12
1167 13909 12
7788 1167 17
30744 40699 17
37689 22094 12
2475 21753 15
6790 13855 12
17096 20745 17
25690 21508 8
28849 28821 12
30973 15357 9
19728 14777 8
8700 10420 8
4908 14668 17
1530 14603 17
23950 2669 17
9111 26872 17
9304 13288 17
19716 14668 17
31451 9909 12
1167 39012 12
8872 25295 8
11927 25817 12
40804 31849 12
1465 20808 12
28176 12988 12
9524 20918 8
658 28638 17
8328 20379 12
1110 22895 8
28904 38412 17
28218 6888 8
26831 26443 12
10059 34995 8
25305 12435 17
18296 6746 12
20561 35289 8
37672 37652 12
13849 29664 13
24470 21512 8
18563 40287 8
21823 40369 12
25949 38689 15
40420 2585 17
8 22876 17
29675 4147 10
34871 2696 12
18805 7426 4
27134 36777 12
8406 939 12
38481 7334 8
386 32432 17
37936 29162 12
10639 4247 17
36977 18563 8
9606 24729 12
15487 38712 17
24552 14284 14
23039 25074 8
39580 32569 15
1369 9094 8
21043 3075 8
40468 12198 12
14695 25229 12
5307 35245 12
37830 18096 12
29888 27473 17
34443 17661 3
40699 7134 12
14954 2103 17
28551 6052 15
40070 4823 12
967 38341 12
5791 34494 17
24668 40699 17
35656 6301 8
33304 39898 12
38342 34562 12
38730 22376 8
6107 13127 8
28531 26796 17
39580 20973 8
40813 31615 8
33478 19263 12
13602 39898 17
40208 16198 17
22456 9492 17
7334 38481 8
15912 7154 17
40699 22164 12
10014 28904 17
38526 7045 17
26961 32540 12
12833 18826 17
39982 13556 12
9654 32703 17
17032 22363 8
24703 27308 6
7304 29550 8
26399 30293 8
39481 22758 8
2753 13814 17
24013 38567 8
12198 40468 17
11458 40129 8
8298 22154 8
30221 33142 17
35532 22445 8
15832 37830 17
38342 4827 12
36258 31009 8
39820 40402 12
39898 1463 8
24319 17661 3
38832 19715 12
26061 18338 6
29976 31740 12
15957 25889 8
9709 1559 8
38200 3737 17
1167 9412 12
6221 9863 17
10154 11817 8
27423 2203 8
2469 19693 15
25379 15674 8
26616 35819 12
39602 18274 17
7839 20687 8
9749 15357 9
5152 1167 17
17694 27985 7
18021 31775 8
11525 6746 17
32569 28807 0
9051 21396 8
5310 28170 12
21825 4823 2
30904 33655 17
29107 15134 12
20918 9524 8
16165 3677 17
3031 6168 17
35205 22381 8
35483 15083 17
7426 18805 3
23746 12383 12
32337 22288 17
20973 39580 8
6904 16589 8
22363 17032 8
11832 15495 17
16770 15050 17
6407 4823 2
22218 12727 17
17367 10156 8
37289 31417 12
23693 10445 8
7045 38692 12
32569 33419 0
7286 24306 0
34394 21836 17
26244 11593 17
14267 35611 2
33698 21823 8
39479 25706 12
10505 3817 8
29162 10089 12
39854 7045 8
33489 15495 17
31849 40804 17
2669 23950 12
23639 9385 8
15134 29107 17
28807 32569 15
21895 32569 15
32322 11888 17
15357 9749 10
10645 17170 8
1978 29415 12
4910 16861 12
29550 7304 8
17032 13106 5
15083 35483 12
14396 36043 8
31358 28683 12
18172 37607 8
33990 39773 17
24346 20501 8
16427 14777 8
32569 21895 0
20618 14470 17
15379 1214 12
29039 8324 17
240 19037 8
11240 13183 17
16334 16151 12
29552 37292 12
13846 38336 12
32488 37806 8
30244 32047 8
120 25860 15
9035 39118 8
27785 21972 17
1659 25108 17
38338 31612 12
31134 23198 8
31461 7507 8
11894 11992 12
35923 19344 12
18656 20158 8
3056 10004 12
31820 1186 17
24795 16991 12
16052 24805 15
22623 36153 8
18030 38162 12
14668 8969 12
38748 10862 8
26585 40845 12
27556 9709 8
24675 11109 12
6237 5860 8
19418 36904 17
11441 12287 0
22895 3698 8
35923 15982 12
22733 9908 12
20209 27201 17
38797 18498 8
32361 32964 8
23872 38047 17
33478 32180 8
38512 27006 15
4247 12860 12
8020 14868 17
5904 40146 10
14933 23289 12
1964 13127 8
32129 20334 8
25160 2213 8
16589 20894 17
14472 5097 17
9960 12496 8
12430 32838 12
26941 12242 8
8339 40379 12
9059 24039 3
13127 1964 8
27985 34562 8
28753 19418 17
14451 33576 8
28952 28404 8
25327 14518 17
30614 24425 8
32840 32687 8
38368 8974 8
27327 24908 8
31816 3056 17
19232 17556 17
7363 10309 17
18563 36977 8
25790 30668 17
25752 38429 8
21972 14070 12
19355 25593 8
11894 4932 12
14338 8170 17
16342 3029 12
3363 24668 17
359 37694 17
5859 1167 17
21946 29395 12
37830 15832 12
10644 18746 17
19155 11583 12
34995 10059 8
35514 36197 17
21510 16071 12
22895 15674 17
12490 8727 17
28281 34182 8
16583 15357 8
40379 8339 17
15467 22288 8
27413 19712 12
35185 1832 17
4966 21963 17
32319 3681 8
32731 33478 17
36446 37559 12
24985 16218 8
25544 2276 8
34148 18746 8
752 14205 12
32569 24737 0
33328 3149 8
20452 19985 8
22987 16632 8
10720 39949 12
14777 19728 8
11092 34904 12
21414 37486 12
25540 30403 8
7087 17862 12
18746 17346 12
35677 13558 12
32250 4265 17
33087 28404 17
2276 21043 8
24593 6792 8
3848 17269 17
6243 25800 12
33873 31680 0
8170 14338 12
3772 40699 17
14855 15545 17
1150 40626 2
8906 34562 8
22748 21043 17
36180 37095 17
38429 25752 8
24929 5528 8
14458 1926 12
38342 15702 12
9709 27556 8
923 4265 17
8411 28952 8
14868 13095 12
24324 11076 17
14668 19716 12
9171 14668 17
12885 26228 12
398 26336 17
31772 27908 12
17661 5393 4
40338 33586 12
31775 18021 8
16790 30879 12
30244 35656 8
14910 36368 12
19355 16493 8
21230 30676 17
37417 20257 15
38061 19668 8
20138 8935 12
9703 10309 12
31181 24915 12
8958 14862 17
18935 9946 8
26274 9246 12
25108 1659 12
13934 21605 12
19141 22541 8
10175 31772 17
8609 20973 8
17269 25451 12
3711 19188 0
13106 28448 12
26003 15721 17
37436 14500 13
24471 14668 17
6889 40908 0
31996 18265 12
38047 16573 12
10476 30012 8
40038 39421 8
37948 9049 17
3056 31816 12
26309 25835 12
36721 8573 12
34617 17012 17
16807 19152 8
12430 1731 12
6254 24543 12
21972 38735 12
24552 1300 14
20918 10214 8
24695 40203 17
31258 4800 8
12918 474 8
20745 30047 12
32753 2139 12
206 12947 12
17661 23604 4
26274 5448 12
3642 11974 15
16866 40040 15
17561 35071 12
35721 23324 8
28235 23510 8
26791 38689 15
20161 35498 12
1793 12962 8
40845 26585 17
29473 22781 17
23801 22336 8
5587 26274 17
33227 40561 8
35071 17561 17
31096 39127 12
26902 32693 8
2301 15489 12
10548 29859 17
15545 23131 12
10747 1167 17
8974 38368 8
39448 11151 12
23701 36096 8
16322 7408 12
25808 22110 8
37589 1637 17
25582 11542 17
15674 25379 8
5587 23468 12
29143 12943 12
24552 22220 14
37655 2294 8
16044 14919 12
10768 36904 17
10862 27426 8
32687 1386 17
31171 14893 8
40045 9358 17
11855 27985 8
16583 14114 0
1297 29162 17
1167 8462 12
7631 21980 17
39448 16220 12
17661 34443 4
15509 28216 12
22098 21230 17
28170 5310 17
38712 15487 12
22021 39448 12
30525 2103 17
5031 28200 8
1368 24939 8
2103 8389 12
15494 3711 15
32569 12882 8
4346 6248 8
9794 15509 17
3420 4658 8
31884 11441 12
4524 25172 1
27201 24408 12
28200 5031 8
35611 4030 14
32442 5817 17
10862 31948 8
8441 11974 15
16657 11894 17
15357 30973 10
26003 40406 12
12863 23429 17
6777 28496 8
26192 7135 12
17085 38566 9
19809 4265 17
40729 9216 15
2103 22781 12
35923 29513 12
36756 10866 8
21123 22766 12
16491 40258 0
3852 15972 17
10915 26827 6
16605 26672 17
38063 11641 8
24347 4988 12
39004 27790 7
31432 19152 8
11151 6009 16
26459 35201 17
34468 13183 17
11555 39141 10
26272 577 0
10175 32044 12
9863 39564 12
28470 23330 12
443 21585 5
21123 33569 12
6792 24593 8
28207 40547 17
39572 32468 17
8170 15976 8
27619 1826 12
31910 28725 12
38986 35049 12
1564 1167 17
29770 9212 17
40626 30423 14
11920 27062 12
28476 28101 17
14668 32361 8
32702 4028 8
15083 9886 12
18811 27473 17
32569 36188 0
531 29739 17
29507 39421 17
33576 11114 8
13558 35677 17
12242 26941 8
26391 30302 12
20268 31189 0
21162 33713 12
4030 35611 2
12430 354 12
24552 37852 14
21552 3711 15
27827 8311 8
14921 24939 12
6614 31589 8
8935 20138 17
24908 27327 8
30675 30583 17
37674 11120 8
8389 2103 17
26827 10915 1
11076 29312 12
13764 31367 17
39666 13044 17
16186 24039 3
24039 36049 4
37830 8588 12
31718 215 13
35999 2021 8
29793 31451 17
10114 35160 8
40125 3677 17
11943 5859 8
15581 6963 8
13861 5203 17
14222 4265 17
16398 40088 8
964 33453 17
6665 18088 17
37694 359 12
19774 29199 17
3632 184 12
32627 17187 8
15938 6109 8
31775 2448 12
10246 3711 15
34995 14998 12
26876 33142 17
35391 10151 17
38958 31371 12
33524 21965 17
15272 31042 17
31134 18670 8
5357 23543 15
32800 40230 12
18063 15915 17
27560 16816 7
28632 543 12
12685 35361 8
28404 33087 12
37759 34821 17
15702 38342 17
29395 21946 17
6904 1743 8
20890 4105 12
35996 9358 17
24560 30668 17
39564 9863 17
7092 17661 3
13242 30797 12
17558 38592 8
39446 11627 17
5631 29162 8
31775 38307 7
27346 14293 7
40385 641 12
23003 4300 17
39771 804 12
39421 40038 8
14802 29243 8
29664 13849 13
23963 33025 8
6614 14282 8
21420 25857 8
36777 27134 17
25910 1167 17
21836 22208 12
21036 40915 17
36049 24039 3
37323 35808 13
34853 7363 17
1167 20434 12
16198 40208 12
5462 24008 12
22220 24552 2
27006 39528 12
32361 1349 8
4614 31082 17
27982 17045 17
4011 18563 8
15711 34704 8
479 7653 12
11492 17661 3
3817 14085 8
23917 10505 17
34995 33058 17
29159 13339 8
37871 17693 12
2603 27619 17
32703 27146 12
29977 28885 8
14802 23746 8
40129 11458 8
27619 6322 12
31302 40459 17
25860 5448 0
21934 37569 17
37723 752 17
21273 20526 17
20857 4823 8
27473 29888 12
29274 32491 17
6094 8360 8
36352 32044 17
7561 33380 17
35146 31358 17
24842 11888 17
29232 8406 12
16861 4910 17
6301 35656 8
39564 11031 8
4306 12419 17
17561 10656 12
20253 9035 8
35356 9265 8
37820 28863 17
40459 31302 12
1685 21972 17
10984 5488 12
13122 21111 12
19263 33478 17
443 19278 12
22391 30874 17
37830 17268 12
11855 4197 8
38425 1167 17
6746 18296 17
34101 4265 17
22376 38730 8
32569 22773 0
14295 369 12
23869 2058 8
11989 474 12
13288 9304 12
36084 13321 8
23061 26941 8
13321 36084 8
40547 28207 12
25299 20257 15
27559 5315 0
25661 19194 8
17012 34617 12
11120 37674 8
20257 23238 0
1743 6904 8
23678 15558 15
18857 6722 8
19344 35923 17
9265 34223 8
39723 20253 12
33497 26192 8
40593 31671 8
27635 36343 12
21836 32569 12
26653 39656 8
24939 1368 8
35923 243 12
5630 14802 8
23739 20352 8
25860 10257 0
32229 27624 0
15531 7712 12
11809 17661 3
14802 5630 8
27062 11920 17
29577 33025 2
14687 632 8
38528 16906 12
3405 16631 12
24552 18686 14
32720 33371 17
12515 11250 17
11575 37488 17
16998 27013 12
594 8724 12
23429 16937 8
5448 25860 15
26012 28698 8
13019 708 12
33025 36092 14
8170 34413 8
10505 40547 12
14085 24347 17
12283 34259 8
1870 33307 12
22781 2103 17
19787 4265 17
11109 24675 17
34362 19036 8
21120 7535 15
1167 34675 12
38184 9606 17
2696 34871 17
34092 22789 12
6241 40819 0
15131 9368 17
14610 5448 0
13445 38356 17
34562 38342 17
38794 6687 12
14295 30414 12
5817 32442 12
11151 26697 12
3470 21972 8
14161 32078 12
40203 24695 12
6963 15581 8
14633 5457 8
11588 26616 17
33586 40338 17
11682 30647 12
33885 38959 8
2095 18891 13
15495 9898 12
9492 22456 12
8448 1167 17
3789 36904 17
26274 10830 12
39421 27573 12
18498 38797 8
1731 12430 17
24306 32184 17
33154 33223 17
33478 32731 12
38732 1435 8
29925 38414 17
4204 12962 8
7205 29521 17
20569 31938 8
6801 937 8
32887 9523 8
27345 35923 17
33025 28167 12
32510 13127 12
1167 1461 12
40873 33025 2
9439 27037 12
39839 13331 8
37709 11660 17
19693 2469 0
31589 6614 8
7228 26344 12
31854 1167 17
25661 11322 12
1290 40219 12
28904 10014 12
40892 25535 0
32759 39295 8
25296 28350 8
27637 20257 17
20660 27591 0
25828 32569 8
19155 25549 12
2125 15587 12
18088 6665 12
5097 6124 12
1167 6790 12
31358 26577 12
18021 22326 8
26691 25449 17
23330 28470 17
35867 1167 17
16203 34052 12
29312 11076 17
14862 8958 12
20343 16203 17
28631 37801 8
21414 7334 12
4823 31027 8
36007 7363 17
33025 6150 14
31775 11627 17
23290 28952 17
37486 21414 17
17024 33313 17
33328 20884 12
25593 19355 8
10059 26697 8
22773 32569 15
20660 11426 0
40939 37911 12
36496 20687 8
24805 16052 0
1853 26391 17
31988 21257 8
11186 1496 15
31189 20268 15
9748 36060 12
15357 16583 8
5378 19507 12
5488 10984 17
39118 9035 8
17779 1052 8
21230 19586 8
10741 15837 7
39551 38460 12
28551 14161 17
34821 37759 12
11441 31884 17
24039 16186 4
20796 3625 12
10608 15737 10
23240 25198 9
35538 35923 17
5337 17126 12
32569 2469 0
4823 39841 8
11888 18299 12
39109 30614 7
37204 24729 17
32584 5519 8
38327 34023 17
39138 39745 8
13183 11240 12
38 15206 12
3698 22895 8
21020 20268 15
8510 11989 17
15406 1850 17
3195 40341 12
21963 577 8
28904 12338 8
4827 38342 17
8276 7232 8
32468 39572 12
39448 22021 17
36904 10768 12
27959 33905 8
20352 23739 8
39448 28276 12
33507 8474 17
10561 9287 12
34132 34179 12
1167 33727 12
19507 29735 12
23792 27180 12
11432 26391 12
31451 19515 12
35481 23591 8
37830 6670 12
12430 14695 12
36721 28049 12
35942 11612 12
28698 26012 8
1167 32024 12
27760 11527 8
29335 8819 12
5198 39733 8
27121 9628 8
31714 26809 7
24972 38212 17
5540 38689 8
21965 23741 12
5177 3126 17
4041 6417 17
35201 26459 12
12287 11441 15
14364 39437 13
1167 5152 12
20844 27741 17
34223 5901 8
19867 24840 17
22895 1110 8
3647 32082 17
28216 4716 7
28394 34998 8
23315 22601 12
5540 13547 12
5310 31284 12
3720 30128 12
26674 1349 8
9523 32887 8
35999 22758 8
30172 20033 12
13338 38249 12
25449 26691 12
21233 17588 17
26885 29399 8
10295 1167 17
38338 10851 12
5265 25198 9
23173 8517 8
37168 9435 12
14266 14131 8
17643 37694 17
1120 21965 17
39421 29507 12
36368 14910 17
34704 15711 8
35999 12883 8
29335 25857 8
32687 32840 8
19229 35166 8
1167 5859 12
15966 33031 17
33142 11142 12
25076 21739 9
14114 16583 15
37911 1757 12
26598 6109 8
12214 3111 9
32569 29907 0
22288 264 8
12490 3787 8
37504 30647 17
5316 24555 8
36092 33025 2
32719 17485 17
10354 39103 17
19148 19059 12
38412 21975 12
23201 3677 17
11460 38679 8
1186 31820 12
34998 28394 8
9606 38184 12
12072 22288 8
38566 8971 10
35895 5763 8
17661 25644 4
23315 3460 8
30012 10476 8
9270 34453 12
6888 30782 12
5772 22938 8
13673 30034 12
29445 8998 12
6401 3219 17
10308 9177 8
11583 19155 17
31098 11859 12
20569 1186 17
1559 9709 8
5378 29648 8
1167 15224 12
32540 26961 17
16917 11547 17
21873 26192 12
22066 3941 12
19688 34604 12
63 19337 12
4332 3711 15
30647 11682 17
17661 13637 4
10059 16850 8
14603 1530 12
34904 11092 17
40465 1978 17
18710 39791 17
19337 63 17
14491 10548 8
10116 27210 17
18649 1541 12
4265 19787 12
34259 12283 8
26337 26336 17
21043 2276 8
35166 19229 8
40699 11432 12
40134 23920 8
28404 1167 17
35339 63 12
13127 6107 8
7116 20598 12
18278 8170 17
30302 26391 17
17045 27982 12
24346 1610 17
26796 29271 12
6150 33025 2
20569 30238 12
13814 2753 12
2999 26670 17
29389 3269 8
1624 17312 8
7614 23689 12
354 12430 17
16860 21411 10
9406 10476 12
25889 4496 12
5448 26274 17
10086 10720 17
36363 4340 12
3519 10059 8
27208 16726 12
32243 40443 17
16826 24084 8
38965 19726 17
19152 29790 8
35923 35538 12
25535 40892 15
25580 17807 12
40295 11870 17
17661 6735 4
32569 4614 0
19668 38061 8
6911 29271 6
15495 33489 12
13553 39240 12
22288 8355 8
34810 10341 8
6918 29031 15
3681 32319 8
9051 2527 8
33025 15603 14
20268 21020 0
5583 28798 8
8324 29039 12
39898 13602 12
39745 39138 8
13106 13461 12
19233 4635 17
10316 33142 17
12419 4306 12
3611 22433 17
11103 29162 17
37388 1001 8
5712 7045 17
33276 9878 17
32838 12430 17
6888 27134 17
40604 33873 15
29031 6918 0
8569 18761 8
20033 30172 17
17170 10645 8
20268 25303 0
40322 40936 8
28841 21963 16
16151 16334 17
2203 27423 8
6254 20305 12
31027 4823 8
32569 25828 0
26443 26831 17
5763 35895 8
13918 4874 8
27006 10755 8
33750 30689 12
39791 18710 12
9687 32405 8
11974 3939 0
33025 12134 14
15398 5860 8
27146 32703 17
26280 19152 17
21972 15945 12
3958 23181 0
25379 39365 17
3568 36587 12
37036 6405 8
36197 35514 12
17661 20277 4
14536 3711 15
13160 27342 17
14996 39084 17
16739 33736 8
18686 24552 2
3791 8731 12
33621 22287 17
31735 16887 12
33850 32808 12
3737 38200 12
3632 14295 17
8550 27461 12
22334 22971 17
29521 7205 12
33577 1167 17
32641 39243 12
30857 6640 15
27540 1167 17
33025 29625 14
1978 26632 12
6345 37168 17
26107 28678 8
31602 39680 8
23489 40699 17
9212 29770 12
28952 23290 12
26734 24593 17
15318 24805 15
15285 1691 17
25643 40161 12
3711 21552 0
29550 32554 8
8932 4710 8
695 21836 17
30849 23982 8
20257 25299 0
18274 12602 12
34961 2606 8
1435 38732 8
6248 4346 8
32491 29274 12
29662 39430 17
17862 7087 17
22154 8298 8
26192 22708 8
11221 34613 12
32569 2636 0
7535 12944 0
11997 40129 12
31704 15644 12
26796 9406 12
17041 31735 17
27308 24703 1
9435 37168 17
19990 18886 17
8890 13106 17
33313 32674 0
37297 852 8
9909 31451 17
39949 10720 17
6706 17661 3
22381 35205 8
33727 1167 17
1167 1564 12
18299 11888 17
40621 19960 12
10393 1396 17
17382 10175 17
22288 12072 8
38191 2867 8
10476 9406 17
5175 3677 17
32562 38145 17
17499 32569 15
21375 8170 17
30888 1167 17
10588 34062 10
27624 32229 15
6158 5316 17
2213 25160 8
17309 37614 12
10737 34558 8
40613 17848 17
12585 12053 17
16998 29232 17
28533 845 17
22378 23538 12
34577 24195 8
11142 33142 17
24552 6731 14
11974 8321 0
36282 3480 12
36242 32569 15
32078 6052 15
10851 15318 8
29234 33025 2
16937 23429 8
28173 34411 12
14070 21972 17
17693 37871 17
10257 10080 8
36009 1386 8
14888 6687 15
15380 38846 17
8517 23173 8
28485 27297 17
26948 19728 17
30034 13673 17
26391 11432 17
34092 37082 8
7611 29479 17
19155 3405 8
15841 40699 17
2832 15224 14
8321 11974 15
34154 18175 12
35071 4939 12
20648 40073 8
38692 7045 17
38623 24039 3
6052 32078 0
12490 36863 8
2612 33576 17
37694 17643 12
39437 14364 13
15495 11832 12
33896 36031 17
16493 19355 8
5288 34604 5
29232 16998 12
25767 17844 8
40699 562 12
35960 16342 17
28968 4028 17
32569 35696 0
13035 1167 17
34136 23293 12
19152 6489 8
40699 30744 12
29277 32144 12
17661 38739 4
8998 29445 17
39621 25881 17
8517 40341 8
21340 9287 8
12883 35999 8
7641 29675 17
32569 30723 0
6254 14603 15
4265 14222 12
34052 16203 17
40040 13406 0
10602 8721 8
6124 5097 17
27343 40699 17
19698 11236 12
18886 19990 12
40443 32243 12
21965 33524 12
32361 7045 8
38678 18172 17
10755 23791 10
4028 32702 8
34192 17045 17
32326 11363 16
15083 22288 12
4823 40070 17
34558 10737 8
36886 7154 17
26290 3302 8
2606 34961 8
10059 7323 12
9878 33276 12
15603 33025 2
19467 11612 8
3632 38412 8
3677 40125 12
5882 36695 17
6254 21794 12
1109 34413 8
22468 15545 17
7134 40699 17
31767 13490 8
39551 40471 12
24084 16826 8
24610 16071 8
14563 38967 12
7135 26192 17
15587 2125 17
22433 3611 12
26003 12400 12
20334 32129 8
21111 13122 17
19194 38412 17
1731 10445 13
9358 35996 12
28101 28476 12
30423 40626 2
35633 17661 3
28045 9658 17
20451 19979 17
19430 31904 8
24737 32569 15
7712 15531 17
12537 452 12
35112 13754 12
22541 19141 8
4405 27604 8
39680 31602 8
708 13019 17
33142 10316 12
4265 26817 12
38739 17661 3
17346 18746 17
1315 8053 17
32180 31356 12
19374 14084 16
15083 6254 12
40699 36904 12
27037 9439 17
21836 7731 12
15772 12661 17
11660 37709 12
7334 21414 17
11700 24224 12
38412 28904 12
33058 34995 12
16573 38047 17
32405 9687 8
6687 14888 0
37825 35923 17
11527 27760 8
1001 37388 8
38044 31775 7
12895 32702 17
2448 31775 17
9175 8695 12
32584 37569 12
26274 36309 12
33949 16607 12
6770 31830 17
38162 18030 17
11715 695 6
28176 28421 12
34092 13681 12
4823 13258 12
29271 26796 17
33850 20150 12
15531 2154 12
28417 3711 15
31775 38044 7
38307 31775 7
3941 22066 17
3952 37671 17
1386 32687 12
29271 2543 12
30 36904 17
23289 14933 17
15489 2301 17
17482 15882 17
7045 37403 12
17040 3711 15
11888 14034 12
13506 3227 12
38412 19194 12
23684 31459 8
8727 38566 12
39976 23227 8
20659 20526 17
37806 32488 8
20561 25064 12
6536 32569 15
1942 33025 2
23222 24491 17
3711 36503 0
40038 37569 8
15915 18063 12
8718 23076 12
5519 32584 8
11888 24842 12
20205 31451 17
17848 40613 12
3417 9023 17
22789 34092 17
37559 36446 17
39295 32759 8
20305 6254 17
38368 23175 8
40699 3772 12
6897 13386 17
20206 9358 17
17604 14868 17
36695 5882 12
31027 14514 8
12283 1186 17
20526 20659 12
40406 26003 17
20894 16589 12
1049 27959 8
1396 10393 12
21794 6254 17
14293 27346 7
27573 39421 17
27308 29206 12
19490 20257 17
11298 23122 17
29271 7488 8
34116 14603 17
17417 10466 8
20150 33850 17
34427 27559 15
1978 40465 12
1110 38433 7
14470 20618 12
38249 13338 17
36661 32569 15
23238 20257 15
36942 23165 8
15644 31704 17
206 3865 12
32459 23336 12
29162 11103 12
562 40699 17
4048 16849 12
23543 5357 0
8283 32702 17
32433 10862 8
20918 28454 8
13406 40040 15
6058 15203 17
38406 10059 17
11593 26244 12
30403 25540 8
34182 28281 8
36545 37449 17
16144 2867 17
13807 28635 8
33862 18162 17
38145 32562 12
19903 1548 17
21972 18562 12
4823 6407 14
32282 9189 12
1637 37589 12
3227 13506 17
4265 21770 12
11076 24324 12
25201 9439 17
40699 27343 12
26192 33497 8
18205 18886 7
10866 36756 8
32767 17661 3
30414 14295 17
3506 3711 15
24729 37805 12
25320 3861 8
22326 18021 8
22438 34987 8
10329 1167 17
804 39771 17
38851 33660 17
36031 33896 12
9287 10561 17
31082 4614 12
40219 1290 17
21605 13934 17
4496 25889 17
11894 22906 12
4614 32569 15
34691 27317 17
9216 40729 0
29513 35923 17
14919 16044 17
10309 40818 8
33655 30904 12
22113 2632 5
6241 39598 0
2532 3505 12
26391 1853 12
29149 9064 17
1541 18649 17
32753 12277 12
33025 1747 14
22445 26809 17
25655 14070 17
16071 21510 17
38735 21972 17
29705 40486 12
8971 38566 9
31461 2273 8
31612 38338 17
6687 23687 0
10862 32433 8
10159 25479 12
16850 10059 8
23362 9387 17
19726 40038 12
28791 32411 8
40699 27698 12
29399 26885 8
24683 35677 12
5860 15398 8
13490 31767 8
30576 38999 8
11943 32946 12
11641 6052 12
20604 40760 17
34604 19688 17
28006 28589 8
9245 10858 8
35923 27345 12
24257 20750 17
1349 26674 8
17335 17661 3
18091 12649 3
10910 32457 17
6375 17661 3
34597 31381 12
6050 1679 15
22287 33621 12
14610 27006 12
31356 32180 17
21276 12921 8
3231 28505 17
32569 9189 0
34582 23917 17
28952 8411 8
20143 13683 17
40825 6241 15
10719 15091 8
23746 14802 8
25497 15222 8
10126 17661 3
27619 21048 12
31367 13764 12
35677 376 8
27290 9475 8
26025 23872 17
38689 16935 12
21396 9051 8
5448 14610 15
4932 11894 17
2058 23869 8
3302 26290 8
14284 24552 2
21963 28841 5
28216 15509 17
21972 3470 8
28625 22895 8
33905 27959 8
38890 6595 8
32047 30244 8
15325 9368 17
23429 12863 12
20446 38525 8
28404 28952 8
4105 20890 17
27180 23792 17
11542 25582 12
10309 7363 12
36043 14396 8
1167 2015 12
25800 6243 17
5203 13861 12
21980 7631 12
20561 36077 12
12338 28904 8
34987 22438 8
1463 39898 8
21043 22748 12
10858 9245 8
25389 16819 12
14235 31902 8
19152 12509 17
31884 20268 12
9189 32569 15
3711 11688 0
36077 11358 12
16530 20796 17
17661 24319 4
37261 10159 8
3677 23201 12
11730 29415 8
20158 18656 8
18172 38678 12
10720 10086 12
20491 16343 8
25355 25860 15
10074 32385 17
17661 20935 4
28451 38261 8
6052 11641 17
2103 33478 12
31417 37289 17
29162 1297 12
40402 39820 17
5587 17844 12
20796 26764 12
23687 6687 15
31284 5310 17
22164 40699 17
6 34781 17
16819 25389 17
20808 1465 17
6722 18857 8
13275 3632 17
7893 20618 17
2527 9051 8
13240 33691 17
19422 5097 17
33025 29234 14
36860 29243 17
14868 8020 12
12548 29565 17
38162 24530 8
12962 4204 8
11612 19467 8
39240 13553 17
40486 29705 17
29199 30047 17
13106 17032 16
24238 23591 8
40699 24668 12
33380 7561 12
452 12537 17
16218 24985 8
40547 10505 17
3480 36282 17
32634 32090 12
39982 25757 12
19515 31451 17
19652 21824 12
14840 15882 17
1167 169 12
6109 15938 8
22094 37689 17
32702 8283 12
40099 25242 12
40366 19262 17
8638 12882 8
30102 192 8
15882 17482 12
2585 40420 12
32044 10175 17
18288 6904 8
11547 16917 12
15545 9692 12
10466 17417 8
33142 26876 12
36881 11173 12
7535 21120 0
40040 8781 0
10862 38748 8
27473 18811 12
4265 923 12
33025 29577 14
1167 10295 12
17099 38575 8
33478 2103 17
3711 21506 0
40471 39551 17
37569 32584 17
4265 21499 12
12860 4247 17
34023 38327 12
39834 18917 1
30128 3720 17
17187 32627 8
40468 26563 12
24225 24013 8
33660 38851 12
17202 7087 8
4710 8932 8
19059 19148 17
25324 20569 17
20621 13288 17
2513 1167 17
29309 37169 8
31381 34597 17
37830 1167 17
39793 8843 12
19188 3711 15
17786 4725 8
3711 17040 0
8857 40626 2
33419 32569 15
12283 20311 8
1167 7788 12
10309 21357 12
632 14687 8
3908 9986 8
11250 5374 12
5538 21836 17
13044 15882 17
16342 18833 12
13855 6790 17
1850 15406 12
23601 28340 8
28683 31358 17
33478 20380 12
34507 34518 1
26192 39931 8
14282 6614 8
15206 38 17
20750 24257 12
37403 7045 17
9094 1369 8
1167 14470 12
15495 4048 12
9177 10308 8
26228 12885 17
377 8953 12
25857 29335 8
1349 32361 8
11888 32322 12
31940 36935 8
21972 27785 12
16203 13002 10
8627 6339 12
543 28632 17
31152 37933 8
25757 39982 17
5643 31171 9
9863 6221 12
18895 9287 17
15224 2832 2
13909 1167 17
27317 34691 12
35677 39351 8
40561 33227 8
7854 17661 3
31171 5643 10
17807 25580 17
28678 29124 12
27619 27270 12
37823 3632 17
40129 11997 17
30676 21230 12
25451 17269 17
12101 577 17
21665 40508 8
31401 10059 8
24539 9154 8
31772 10175 12
1496 4907 0
2519 1035 12
20891 8348 12
6052 28551 0
6219 3711 15
26765 30874 17
36904 3789 12
29859 10548 12
14131 14266 8
1368 27748 17
36060 9748 17
26336 26337 12
19464 21129 8
3075 21043 8
37463 29031 15
30065 27100 17
6405 37036 8
38567 24013 8
31358 35210 12
32702 12895 12
10194 28061 8
2276 25544 8
9543 36858 12
40699 15841 12
21325 38103 12
20715 10998 17
40239 30437 12
12882 8638 8
8953 377 17
28969 34723 17
21499 4265 17
3645 8899 4
1681 1167 17
14695 12430 17
9908 22733 17
13386 29173 12
40805 20112 8
21257 31988 8
27591 20660 15
11974 8441 0
4039 10465 5
40699 5515 12
21458 27473 17
32457 12428 12
3269 29389 8
25886 13573 12
32359 26201 17
1926 14458 17
22207 9750 17
24008 5462 17
17661 3658 4
36100 29410 12
9692 15545 17
39841 4823 8
31062 11076 17
25242 40099 17
474 11989 17
9767 14673 17
25857 27458 8
22208 21836 17
19728 26948 12
8406 29232 17
7700 3711 15
3460 23315 8
27559 34427 0
13315 18560 17
17661 33391 4
32703 9654 12
8636 11974 15
38047 10212 12
33736 16739 8
37352 1368 8
39084 14996 12
6666 40134 8
38689 5540 8
29206 27308 17
12968 6299 17
32693 26902 8
16906 38528 17
16329 40203 12
20796 16530 12
29648 5378 8
18742 4531 17
25178 38338 17
4265 32250 12
30839 25857 8
40040 16866 0
21855 38366 12
18670 31134 8
27959 1049 8
8732 24891 17
28505 3231 12
14085 3817 8
13127 32510 17
28638 658 12
3383 40480 12
35604 524 17
25860 30198 0
32569 36661 0
29489 40040 15
27829 14026 17
39898 23130 8
1167 14659 12
9246 26274 17
12727 22218 12
40341 3195 17
3632 37823 12
6801 9624 12
18886 18205 7
21773 36180 8
35900 15534 14
40573 23720 8
26274 1167 17
28904 18279 12
937 6801 8
25857 21420 8
29479 7611 12
23866 33873 15
5641 2864 12
13377 19805 11
22288 15083 17
17468 14114 17
21585 443 16
15318 10851 8
9368 15131 12
29243 31557 8
40134 6666 8
21411 16860 9
37483 36344 17
14084 19374 5
28589 28006 8
17312 1624 8
40908 6889 15
3029 16342 17
27458 25857 8
24543 6254 17
23315 22268 12
20569 25324 12
27748 28101 17
40230 32800 17
22895 28625 8
9148 863 8
24839 23117 12
39043 32182 17
22589 9358 17
15009 31599 17
23920 40134 8
5498 35923 17
10257 25860 15
